0.0000 0.1001
0.0975 0.9986
0.1002 0.1002
10.0000 0.1148
0.1008 0.0000
0.1004 0.1004
20.0000 0.1421
0.0222 0.3971
0.3301 0.3301
30.0000 0.1887
0.0408 0.3244
0.5041 0.5041
40.0000 0.1435
0.0062 0.0449
0.4395 0.4395
50.0000 0.2093
0.0324 0.1643
0.4339 0.4339
60.0000 0.2367
0.0058 0.3067
0.5853 0.5853
70.0000 0.2781
0.0375 0.2942
0.4874 0.4874
80.0000 0.3027
0.0123 0.1454
0.6610 0.6610
90.0000 0.3209
0.0091 0.0730
0.7058 0.7058
100.0000 0.3309
0.0173 0.0514
0.7301 0.7301
110.0000 0.3347
0.0132 0.0451
0.7115 0.7115
120.0000 0.3280
0.0148 0.1033
0.7164 0.7164
130.0000 0.3103
0.0734 0.5243
0.2492 0.2492
140.0000 0.3120
0.0231 0.1401
0.6642 0.6642
150.0000 0.3011
0.0192 0.1141
0.6629 0.6629
160.0000 0.2943
0.0288 0.1015
0.6211 0.6211
170.0000 0.2913
0.0202 0.2639
0.5487 0.5487
180.0000 0.2882
0.0523 0.0329
0.6919 0.6919
190.0000 0.2866
0.0429 0.0467
0.6491 0.6491
200.0000 0.2850
0.0292 0.0503
0.5151 0.5151
210.0000 0.2817
0.0442 0.3652
0.4689 0.4689
220.0000 0.2818
0.0254 0.1160
0.6334 0.6334
230.0000 0.2831
0.0192 0.2379
0.5694 0.5694
240.0000 0.2807
0.0209 0.3282
0.5820 0.5820
250.0000 0.2799
0.0218 0.3471
0.5815 0.5815
260.0000 0.2803
0.0217 0.3575
0.5641 0.5641
270.0000 0.2797
0.0198 0.3935
0.5603 0.5603
280.0000 0.2810
0.0218 0.3645
0.5321 0.5321
290.0000 0.2793
0.0270 0.3649
0.5689 0.5689
300.0000 0.2795
0.0215 0.3558
0.5606 0.5606
310.0000 0.2795
0.0261 0.3461
0.5497 0.5497
320.0000 0.2795
0.0230 0.3495
0.5430 0.5430
330.0000 0.2806
0.0236 0.3467
0.5645 0.5645
340.0000 0.2776
0.0291 0.3458
0.5680 0.5680
350.0000 0.2773
0.0340 0.4280
0.4429 0.4429
360.0000 0.2757
0.0345 0.4353
0.3494 0.3494
370.0000 0.2763
0.0299 0.4119
0.4424 0.4424
380.0000 0.2739
0.0263 0.4528
0.3789 0.3789
390.0000 0.2757
0.0299 0.4198
0.4900 0.4900
400.0000 0.2765
0.0215 0.3735
0.5259 0.5259
410.0000 0.2755
0.0246 0.3914
0.5457 0.5457
420.0000 0.2775
0.0336 0.3970
0.5404 0.5404
430.0000 0.2772
0.0196 0.3643
0.5765 0.5765
440.0000 0.2776
0.0194 0.3575
0.5817 0.5817
450.0000 0.2764
0.0193 0.3629
0.5806 0.5806
460.0000 0.2782
0.0200 0.3609
0.5840 0.5840
470.0000 0.2776
0.0367 0.3898
0.5481 0.5481
480.0000 0.2753
0.0440 0.6058
0.3223 0.3223
490.0000 0.2757
0.0693 0.5331
0.3405 0.3405
500.0000 0.2776
0.0214 0.4518
0.4945 0.4945
510.0000 0.2789
0.0212 0.4423
0.5001 0.5001
520.0000 0.2779
0.0748 0.5680
0.3782 0.3782
530.0000 0.2738
0.0647 0.5354
0.2967 0.2967
540.0000 0.2780
0.0772 0.6923
0.2499 0.2499
550.0000 0.2751
0.0378 0.6368
0.3113 0.3113
560.0000 0.2755
0.0342 0.6224
0.3235 0.3235
570.0000 0.2750
0.0307 0.5962
0.3256 0.3256
580.0000 0.2758
0.0330 0.6074
0.3176 0.3176
590.0000 0.2731
0.0814 0.7904
0.1989 0.1989
600.0000 0.2735
0.0740 0.6925
0.2400 0.2400
610.0000 0.2750
0.0510 0.5023
0.2359 0.2359
620.0000 0.2734
0.0375 0.4434
0.3766 0.3766
630.0000 0.2727
0.0162 0.5012
0.4144 0.4144
640.0000 0.2735
0.0173 0.6257
0.3245 0.3245
650.0000 0.2738
0.0163 0.6221
0.3231 0.3231
660.0000 0.2718
0.0187 0.6508
0.2741 0.2741
670.0000 0.2715
0.0804 0.8495
0.1474 0.1474
680.0000 0.2710
0.0906 0.8617
0.1560 0.1560
690.0000 0.2695
0.0921 0.8485
0.1617 0.1617
700.0000 0.2702
0.0908 0.7420
0.2108 0.2108
710.0000 0.2706
0.0817 0.7202
0.2497 0.2497
720.0000 0.2713
0.0877 0.7418
0.2409 0.2409
730.0000 0.2707
0.0773 0.8113
0.1916 0.1916
740.0000 0.2707
0.0621 0.6828
0.2652 0.2652
750.0000 0.2693
0.0904 0.8507
0.1632 0.1632
760.0000 0.2690
0.0900 0.8490
0.1690 0.1690
770.0000 0.2685
0.0889 0.8597
0.1598 0.1598
780.0000 0.2696
0.0862 0.8436
0.1692 0.1692
790.0000 0.2720
0.0860 0.8375
0.1636 0.1636
800.0000 0.2700
0.0856 0.8331
0.1771 0.1771
810.0000 0.2707
0.0854 0.8391
0.1759 0.1759
820.0000 0.2712
0.0837 0.8493
0.1697 0.1697
830.0000 0.2713
0.0806 0.8312
0.1768 0.1768
840.0000 0.2714
0.0799 0.8464
0.1724 0.1724
850.0000 0.2704
0.0795 0.8423
0.1745 0.1745
860.0000 0.2707
0.0783 0.8321
0.1779 0.1779
870.0000 0.2731
0.0710 0.8304
0.1621 0.1621
880.0000 0.2694
0.0702 0.8206
0.1754 0.1754
890.0000 0.2733
0.0626 0.7950
0.1636 0.1636
900.0000 0.2692
0.0727 0.8399
0.1734 0.1734
910.0000 0.2710
0.0694 0.8365
0.1756 0.1756
920.0000 0.2737
0.0659 0.7949
0.1734 0.1734
930.0000 0.2613
0.0952 0.3597
0.1206 0.1206
940.0000 0.2607
0.0290 0.6946
0.2906 0.2906
950.0000 0.2653
0.0254 0.7019
0.2928 0.2928
960.0000 0.2660
0.0232 0.7033
0.2948 0.2948
970.0000 0.2660
0.0218 0.7223
0.2869 0.2869
980.0000 0.2660
0.0232 0.7191
0.2931 0.2931
990.0000 0.2660
0.0228 0.7114
0.2993 0.2993
1000.0000 0.2657
0.0223 0.7137
0.2992 0.2992
1010.0000 0.2638
0.0220 0.7333
0.2140 0.2140
1020.0000 0.2602
0.0734 0.8104
0.2151 0.2151
1030.0000 0.2615
0.0718 0.8096
0.2160 0.2160
1040.0000 0.2614
0.0709 0.8063
0.2170 0.2170
1050.0000 0.2621
0.0683 0.8050
0.2180 0.2180
1060.0000 0.2626
0.0676 0.8032
0.2194 0.2194
1070.0000 0.2630
0.0661 0.8020
0.2196 0.2196
1080.0000 0.2632
0.0637 0.8014
0.2207 0.2207
1090.0000 0.2629
0.0612 0.7986
0.2214 0.2214
1100.0000 0.2636
0.0752 0.8046
0.2206 0.2206
1110.0000 0.2639
0.0646 0.7188
0.2851 0.2851
1120.0000 0.2633
0.0618 0.8024
0.2191 0.2191
1130.0000 0.2639
0.0616 0.8020
0.2195 0.2195
1140.0000 0.2642
0.0621 0.8010
0.2201 0.2201
1150.0000 0.2657
0.0621 0.8012
0.2206 0.2206
1160.0000 0.2662
0.0615 0.8010
0.2199 0.2199
1170.0000 0.2659
0.0605 0.8006
0.2206 0.2206
1180.0000 0.2664
0.0598 0.7978
0.2206 0.2206
1190.0000 0.2574
0.0484 0.6249
0.1394 0.1394
1200.0000 0.2619
0.0316 0.5070
0.3400 0.3400
1210.0000 0.2600
0.0369 0.5510
0.2586 0.2586
1220.0000 0.2585
0.0359 0.5333
0.3137 0.3137
1230.0000 0.2592
0.0342 0.5918
0.2976 0.2976
1240.0000 0.2559
0.0402 0.5373
0.2914 0.2914
1250.0000 0.2550
0.0435 0.5320
0.2537 0.2537
1260.0000 0.2544
0.0644 0.7627
0.2025 0.2025
1270.0000 0.2542
0.0535 0.6029
0.2972 0.2972
1280.0000 0.2544
0.0493 0.7966
0.2175 0.2175
1290.0000 0.2526
0.0680 0.8972
0.1399 0.1399
1300.0000 0.2535
0.0621 0.8934
0.1412 0.1412
1310.0000 0.2539
0.0584 0.8927
0.1427 0.1427
1320.0000 0.2545
0.0578 0.8894
0.1434 0.1434
1330.0000 0.2555
0.0583 0.8932
0.1430 0.1430
1340.0000 0.2555
0.0577 0.8927
0.1426 0.1426
1350.0000 0.2550
0.0566 0.8918
0.1435 0.1435
1360.0000 0.2549
0.0572 0.8935
0.1425 0.1425
1370.0000 0.2541
0.0569 0.8979
0.1393 0.1393
1380.0000 0.2527
0.0568 0.8930
0.1425 0.1425
1390.0000 0.2533
0.0563 0.8937
0.1424 0.1424
1400.0000 0.2542
0.0582 0.8928
0.1426 0.1426
1410.0000 0.2545
0.0594 0.8923
0.1419 0.1419
1420.0000 0.2556
0.0589 0.8912
0.1424 0.1424
1430.0000 0.2552
0.0589 0.8919
0.1423 0.1423
1440.0000 0.2544
0.0584 0.8917
0.1413 0.1413
1450.0000 0.2544
0.0584 0.8903
0.1421 0.1421
1460.0000 0.2541
0.0573 0.8901
0.1415 0.1415
1470.0000 0.2561
0.0536 0.8904
0.1420 0.1420
1480.0000 0.2557
0.0546 0.8903
0.1425 0.1425
1490.0000 0.2548
0.0541 0.8900
0.1418 0.1418
1500.0000 0.2554
0.0547 0.8919
0.1416 0.1416
1510.0000 0.2551
0.0543 0.8966
0.1374 0.1374
1520.0000 0.2551
0.0531 0.8906
0.1413 0.1413
1530.0000 0.2557
0.0554 0.8920
0.1395 0.1395
1540.0000 0.2546
0.0568 0.8911
0.1395 0.1395
1550.0000 0.2540
0.0554 0.8888
0.1413 0.1413
1560.0000 0.2581
0.0599 0.8748
0.1394 0.1394
1570.0000 0.2569
0.0640 0.8832
0.1425 0.1425
1580.0000 0.2558
0.0616 0.8822
0.1445 0.1445
1590.0000 0.2558
0.0626 0.8822
0.1458 0.1458
1600.0000 0.2565
0.0636 0.8822
0.1454 0.1454
1610.0000 0.2560
0.0641 0.8812
0.1465 0.1465
1620.0000 0.2558
0.0637 0.8777
0.1473 0.1473
1630.0000 0.2549
0.0631 0.8696
0.1496 0.1496
1640.0000 0.2559
0.0622 0.8305
0.1657 0.1657
1650.0000 0.2546
0.0804 0.8887
0.1365 0.1365
1660.0000 0.2558
0.0799 0.8894
0.1415 0.1415
1670.0000 0.2567
0.0775 0.8884
0.1433 0.1433
1680.0000 0.2571
0.0775 0.8902
0.1443 0.1443
1690.0000 0.2565
0.0788 0.8872
0.1450 0.1450
1700.0000 0.2566
0.0783 0.8878
0.1449 0.1449
1710.0000 0.2572
0.0787 0.8879
0.1464 0.1464
1720.0000 0.2571
0.0776 0.8886
0.1456 0.1456
1730.0000 0.2569
0.0778 0.8895
0.1450 0.1450
1740.0000 0.2561
0.0786 0.8925
0.1433 0.1433
1750.0000 0.2572
0.0788 0.8879
0.1481 0.1481
1760.0000 0.2576
0.0785 0.8837
0.1490 0.1490
1770.0000 0.2577
0.0792 0.8850
0.1472 0.1472
1780.0000 0.2582
0.0791 0.8846
0.1488 0.1488
1790.0000 0.2592
0.0805 0.8807
0.1477 0.1477
1800.0000 0.2591
0.0799 0.8814
0.1497 0.1497
1810.0000 0.2593
0.0778 0.8880
0.1425 0.1425
1820.0000 0.2590
0.0764 0.8759
0.1525 0.1525
1830.0000 0.2603
0.0803 0.8721
0.1528 0.1528
1840.0000 0.2600
0.0765 0.8715
0.1541 0.1541
1850.0000 0.2589
0.0868 0.8586
0.1480 0.1480
1860.0000 0.2583
0.0790 0.8712
0.1506 0.1506
1870.0000 0.2588
0.0794 0.8693
0.1538 0.1538
1880.0000 0.2587
0.0836 0.8652
0.1523 0.1523
1890.0000 0.2585
0.0850 0.8690
0.1529 0.1529
1900.0000 0.2596
0.0845 0.8676
0.1535 0.1535
1910.0000 0.2589
0.0879 0.8656
0.1531 0.1531
1920.0000 0.2592
0.0892 0.8362
0.1635 0.1635
1930.0000 0.2478
0.0830 0.7448
0.1763 0.1763
1940.0000 0.2481
0.0997 0.8965
0.1248 0.1248
1950.0000 0.2485
0.1041 0.8926
0.1319 0.1319
1960.0000 0.2479
0.1084 0.8878
0.1357 0.1357
1970.0000 0.2485
0.1073 0.8891
0.1357 0.1357
1980.0000 0.2481
0.1069 0.8886
0.1357 0.1357
1990.0000 0.2479
0.1068 0.8879
0.1335 0.1335
2000.0000 0.2485
0.1033 0.8850
0.1375 0.1375
2010.0000 0.2506
0.1068 0.8842
0.1362 0.1362
2020.0000 0.2368
0.1136 0.8949
0.1375 0.1375
2030.0000 0.2373
0.1136 0.8737
0.1525 0.1525
2040.0000 0.2370
0.1135 0.8588
0.1637 0.1637
2050.0000 0.2369
0.1115 0.8510
0.1649 0.1649
2060.0000 0.2393
0.1153 0.8601
0.1537 0.1537
2070.0000 0.2377
0.1146 0.8461
0.1697 0.1697
2080.0000 0.2370
0.1175 0.8577
0.1643 0.1643
2090.0000 0.2358
0.1131 0.8345
0.1786 0.1786
2100.0000 0.2355
0.1124 0.8211
0.1960 0.1960
2110.0000 0.2400
0.1170 0.8730
0.1467 0.1467
2120.0000 0.2346
0.1178 0.8199
0.1917 0.1917
2130.0000 0.2365
0.1221 0.8037
0.1976 0.1976
2140.0000 0.2386
0.1292 0.8195
0.1812 0.1812
2150.0000 0.2380
0.1267 0.7900
0.1907 0.1907
2160.0000 0.2400
0.1303 0.8531
0.1391 0.1391
2170.0000 0.2404
0.1248 0.7798
0.2016 0.2016
2180.0000 0.2379
0.1241 0.7834
0.2028 0.2028
2190.0000 0.2400
0.1178 0.7715
0.2051 0.2051
2200.0000 0.2397
0.1131 0.8612
0.1441 0.1441
2210.0000 0.2191
0.1358 0.1030
0.1690 0.1690
2220.0000 0.2361
0.0989 0.8924
0.1577 0.1577
2230.0000 0.2405
0.1027 0.8322
0.1910 0.1910
2240.0000 0.2419
0.1039 0.8433
0.1939 0.1939
2250.0000 0.2443
0.1040 0.8401
0.1929 0.1929
2260.0000 0.2455
0.1029 0.8231
0.2004 0.2004
2270.0000 0.2456
0.1040 0.8213
0.2026 0.2026
2280.0000 0.2462
0.1026 0.8618
0.1735 0.1735
2290.0000 0.2475
0.1087 0.8089
0.2072 0.2072
2300.0000 0.2483
0.1079 0.8237
0.1968 0.1968
2310.0000 0.2464
0.1040 0.8670
0.1527 0.1527
2320.0000 0.2454
0.1045 0.8182
0.2023 0.2023
2330.0000 0.2443
0.1043 0.8793
0.1455 0.1455
2340.0000 0.2455
0.1050 0.8756
0.1450 0.1450
2350.0000 0.2428
0.1044 0.8756
0.1425 0.1425
2360.0000 0.2465
0.1093 0.8691
0.1435 0.1435
2370.0000 0.2459
0.1084 0.8669
0.1443 0.1443
2380.0000 0.2472
0.1094 0.8641
0.1445 0.1445
2390.0000 0.2468
0.1105 0.8611
0.1446 0.1446
2400.0000 0.2475
0.1104 0.8584
0.1448 0.1448
2410.0000 0.2464
0.1100 0.8529
0.1469 0.1469
2420.0000 0.2451
0.1094 0.8475
0.1509 0.1509
2430.0000 0.2351
0.1026 0.2521
0.1577 0.1577
2440.0000 0.2374
0.1093 0.8692
0.1330 0.1330
2450.0000 0.2376
0.1145 0.8564
0.1418 0.1418
2460.0000 0.2392
0.1152 0.8484
0.1455 0.1455
2470.0000 0.2405
0.1169 0.8434
0.1478 0.1478
2480.0000 0.2412
0.1172 0.8391
0.1512 0.1512
2490.0000 0.2423
0.1195 0.8362
0.1523 0.1523
2500.0000 0.2435
0.1186 0.8305
0.1533 0.1533
2510.0000 0.2446
0.1166 0.8290
0.1566 0.1566
2520.0000 0.2443
0.1150 0.8258
0.1573 0.1573
2530.0000 0.2398
0.1110 0.8454
0.1573 0.1573
2540.0000 0.2404
0.1129 0.8322
0.1647 0.1647
2550.0000 0.2395
0.1135 0.8313
0.1660 0.1660
2560.0000 0.2425
0.1100 0.8502
0.1507 0.1507
2570.0000 0.2428
0.1143 0.8397
0.1575 0.1575
2580.0000 0.2420
0.1149 0.8410
0.1580 0.1580
2590.0000 0.2403
0.1140 0.8229
0.1743 0.1743
2600.0000 0.2422
0.1149 0.8296
0.1669 0.1669
2610.0000 0.2434
0.1157 0.8192
0.1748 0.1748
2620.0000 0.2422
0.1162 0.8139
0.1812 0.1812
2630.0000 0.2424
0.1139 0.8105
0.1828 0.1828
2640.0000 0.2419
0.1160 0.8155
0.1794 0.1794
2650.0000 0.2423
0.1126 0.7991
0.1886 0.1886
2660.0000 0.2416
0.1111 0.7918
0.1949 0.1949
2670.0000 0.2426
0.1115 0.8009
0.1914 0.1914
2680.0000 0.2423
0.1106 0.7932
0.1955 0.1955
2690.0000 0.2422
0.1116 0.7908
0.1978 0.1978
2700.0000 0.2430
0.1088 0.7884
0.1992 0.1992
2710.0000 0.2449
0.1102 0.7833
0.2059 0.2059
2720.0000 0.2388
0.1069 0.8530
0.1492 0.1492
2730.0000 0.2379
0.1087 0.8336
0.1574 0.1574
2740.0000 0.2382
0.1070 0.8349
0.1584 0.1584
2750.0000 0.2378
0.1055 0.8407
0.1568 0.1568
2760.0000 0.2386
0.1047 0.8242
0.1659 0.1659
2770.0000 0.2378
0.0994 0.8231
0.1696 0.1696
2780.0000 0.2383
0.1145 0.8530
0.1554 0.1554
2790.0000 0.2422
0.1144 0.8143
0.1882 0.1882
2800.0000 0.2431
0.1150 0.8084
0.1933 0.1933
2810.0000 0.2424
0.1134 0.8108
0.1885 0.1885
2820.0000 0.2421
0.1117 0.8054
0.1908 0.1908
2830.0000 0.2366
0.1103 0.8457
0.1475 0.1475
2840.0000 0.2371
0.1108 0.8487
0.1461 0.1461
2850.0000 0.2402
0.1127 0.8503
0.1472 0.1472
2860.0000 0.2433
0.1106 0.8060
0.1920 0.1920
2870.0000 0.2442
0.1105 0.8256
0.1743 0.1743
2880.0000 0.2416
0.1126 0.8089
0.1944 0.1944
2890.0000 0.2376
0.1094 0.8450
0.1484 0.1484
2900.0000 0.2413
0.1083 0.8067
0.1905 0.1905
2910.0000 0.2420
0.1053 0.8122
0.1794 0.1794
2920.0000 0.2409
0.1053 0.7905
0.1975 0.1975
2930.0000 0.2384
0.1032 0.8383
0.1479 0.1479
2940.0000 0.2381
0.1005 0.8321
0.1578 0.1578
2950.0000 0.2404
0.1024 0.7898
0.1947 0.1947
2960.0000 0.2387
0.1055 0.8389
0.1489 0.1489
2970.0000 0.2418
0.1031 0.7832
0.1979 0.1979
2980.0000 0.2424
0.1038 0.7815
0.2005 0.2005
2990.0000 0.2414
0.1010 0.7865
0.1987 0.1987
3000.0000 0.2383
0.1070 0.8401
0.1484 0.1484
3010.0000 0.2409
0.1015 0.8129
0.1638 0.1638
3020.0000 0.2408
0.0999 0.8066
0.1826 0.1826
3030.0000 0.2416
0.1023 0.7822
0.2010 0.2010
3040.0000 0.2387
0.1051 0.8309
0.1559 0.1559
3041.0000 0.2381
0.1024 0.8221
0.1608 0.1608
