0.0000 0.1002
0.0890 0.9972
0.1002 0.1002
10.0000 0.0999
0.0935 0.0000
0.1277 0.1277
20.0000 0.1195
0.0460 0.0000
0.2485 0.2485
30.0000 0.1006
0.0133 0.3672
0.3502 0.3502
40.0000 0.1094
0.0203 0.0003
0.5211 0.5211
50.0000 0.1223
0.0095 0.5170
0.4011 0.4011
60.0000 0.1392
0.0170 0.1544
0.6305 0.6305
70.0000 0.1343
0.0486 0.1255
0.6607 0.6607
80.0000 0.1353
0.0374 0.2159
0.5469 0.5469
90.0000 0.1401
0.0564 0.0121
0.4304 0.4304
100.0000 0.1516
0.0226 0.0570
0.6815 0.6815
110.0000 0.1469
0.0814 0.0844
0.5836 0.5836
120.0000 0.1676
0.0152 0.0824
0.7240 0.7240
130.0000 0.1770
0.0258 0.0593
0.7357 0.7357
140.0000 0.1857
0.0342 0.0205
0.7379 0.7379
150.0000 0.1934
0.0397 0.0220
0.6926 0.6926
160.0000 0.1960
0.0289 0.0266
0.7066 0.7066
170.0000 0.2022
0.0274 0.0443
0.7053 0.7053
180.0000 0.2080
0.0252 0.0911
0.6977 0.6977
190.0000 0.2137
0.0521 0.1097
0.6966 0.6966
200.0000 0.2208
0.0514 0.1105
0.6940 0.6940
210.0000 0.2313
0.0472 0.0868
0.6962 0.6962
220.0000 0.2351
0.0941 0.1448
0.6579 0.6579
230.0000 0.2446
0.0278 0.0187
0.7083 0.7083
240.0000 0.2522
0.0461 0.0304
0.7016 0.7016
250.0000 0.2578
0.0573 0.0204
0.7733 0.7733
260.0000 0.2562
0.0609 0.0505
0.7404 0.7404
270.0000 0.2590
0.0668 0.1509
0.6983 0.6983
280.0000 0.2630
0.0638 0.0800
0.7485 0.7485
290.0000 0.2654
0.0476 0.0447
0.7037 0.7037
300.0000 0.2666
0.0539 0.0228
0.7502 0.7502
310.0000 0.2684
0.0557 0.0260
0.7624 0.7624
320.0000 0.2706
0.0421 0.0485
0.7210 0.7210
330.0000 0.2726
0.0775 0.1235
0.7202 0.7202
340.0000 0.2739
0.0654 0.0827
0.7526 0.7526
350.0000 0.2750
0.0688 0.0836
0.7545 0.7545
360.0000 0.2710
0.0747 0.0476
0.6539 0.6539
370.0000 0.2794
0.0331 0.0415
0.7289 0.7289
380.0000 0.2799
0.0541 0.0489
0.7808 0.7808
390.0000 0.2825
0.0395 0.0780
0.7325 0.7325
400.0000 0.2849
0.0808 0.0832
0.7629 0.7629
410.0000 0.2858
0.0687 0.0953
0.7703 0.7703
420.0000 0.2887
0.0625 0.0590
0.7736 0.7736
430.0000 0.2687
0.0720 0.0865
0.5814 0.5814
440.0000 0.2882
0.0424 0.0434
0.7954 0.7954
450.0000 0.2920
0.0438 0.0428
0.7957 0.7957
460.0000 0.2924
0.0481 0.0208
0.7519 0.7519
470.0000 0.2927
0.0531 0.0162
0.7687 0.7687
480.0000 0.2936
0.0539 0.0403
0.7757 0.7757
490.0000 0.2930
0.0692 0.1257
0.7186 0.7186
500.0000 0.2913
0.0606 0.0346
0.7778 0.7778
510.0000 0.2898
0.0601 0.0218
0.7572 0.7572
520.0000 0.2892
0.0764 0.0274
0.7454 0.7454
530.0000 0.2879
0.0739 0.0295
0.4517 0.4517
540.0000 0.2873
0.0676 0.0534
0.7415 0.7415
550.0000 0.2898
0.0581 0.0493
0.7411 0.7411
560.0000 0.2893
0.0784 0.0372
0.7115 0.7115
570.0000 0.2904
0.0897 0.0337
0.7780 0.7780
580.0000 0.2883
0.0997 0.0736
0.7596 0.7596
590.0000 0.2881
0.1088 0.0484
0.7751 0.7751
600.0000 0.2841
0.0853 0.0460
0.7932 0.7932
610.0000 0.2832
0.0861 0.0392
0.7747 0.7747
620.0000 0.2815
0.0884 0.0337
0.7882 0.7882
630.0000 0.2822
0.0924 0.0024
0.7474 0.7474
640.0000 0.2826
0.0885 0.0352
0.7174 0.7174
650.0000 0.2799
0.0894 0.0442
0.7663 0.7663
660.0000 0.2772
0.1106 0.0072
0.7200 0.7200
670.0000 0.2750
0.1054 0.0664
0.7435 0.7435
680.0000 0.2782
0.0897 0.0265
0.7947 0.7947
690.0000 0.2769
0.0902 0.0417
0.7816 0.7816
700.0000 0.2739
0.1193 0.0260
0.7318 0.7318
710.0000 0.2748
0.1429 0.0339
0.6807 0.6807
720.0000 0.2745
0.1052 0.0479
0.7642 0.7642
730.0000 0.2773
0.1104 0.0858
0.7180 0.7180
740.0000 0.2745
0.1198 0.0516
0.7625 0.7625
750.0000 0.2733
0.1199 0.0363
0.7719 0.7719
760.0000 0.2746
0.1190 0.0080
0.7206 0.7206
770.0000 0.2723
0.1069 0.0384
0.7620 0.7620
780.0000 0.2685
0.1429 0.0622
0.7082 0.7082
790.0000 0.2697
0.1250 0.0574
0.7630 0.7630
800.0000 0.2712
0.0893 0.0472
0.7513 0.7513
810.0000 0.2697
0.1077 0.0351
0.6931 0.6931
820.0000 0.2708
0.1136 0.0635
0.7688 0.7688
830.0000 0.2694
0.1180 0.0452
0.7323 0.7323
840.0000 0.2709
0.1061 0.1149
0.7431 0.7431
850.0000 0.2637
0.0849 0.0604
0.6412 0.6412
860.0000 0.2701
0.1010 0.0848
0.7564 0.7564
870.0000 0.2700
0.0928 0.0558
0.7685 0.7685
880.0000 0.2681
0.1003 0.0452
0.7568 0.7568
890.0000 0.2691
0.1409 0.0925
0.6117 0.6117
900.0000 0.2677
0.0905 0.0458
0.7399 0.7399
910.0000 0.2688
0.0847 0.0416
0.7238 0.7238
920.0000 0.2666
0.0862 0.0610
0.7583 0.7583
930.0000 0.2664
0.0948 0.1266
0.7275 0.7275
940.0000 0.2652
0.0907 0.0549
0.7579 0.7579
950.0000 0.2667
0.0795 0.0581
0.6417 0.6417
960.0000 0.2668
0.0929 0.0632
0.7771 0.7771
970.0000 0.2639
0.0800 0.0933
0.7526 0.7526
980.0000 0.2634
0.0809 0.0285
0.7814 0.7814
990.0000 0.2638
0.0977 0.0387
0.7636 0.7636
1000.0000 0.2627
0.0639 0.0366
0.7712 0.7712
1010.0000 0.2625
0.0729 0.0670
0.7335 0.7335
1020.0000 0.2621
0.0675 0.0560
0.7833 0.7833
1030.0000 0.2623
0.0588 0.0465
0.7756 0.7756
1040.0000 0.2609
0.0771 0.0797
0.7341 0.7341
1050.0000 0.2584
0.0622 0.0705
0.7387 0.7387
1060.0000 0.2622
0.0607 0.0549
0.7278 0.7278
1070.0000 0.2601
0.0710 0.0592
0.7599 0.7599
1080.0000 0.2586
0.0736 0.0680
0.6771 0.6771
1090.0000 0.2599
0.0656 0.0381
0.7388 0.7388
1100.0000 0.2563
0.1144 0.0151
0.7127 0.7127
1110.0000 0.2600
0.0932 0.0675
0.7308 0.7308
1120.0000 0.2607
0.0860 0.0355
0.7343 0.7343
1130.0000 0.2595
0.0672 0.0454
0.7723 0.7723
1140.0000 0.2600
0.1020 0.0095
0.7076 0.7076
1150.0000 0.2612
0.0733 0.0500
0.7449 0.7449
1160.0000 0.2612
0.0644 0.0568
0.7730 0.7730
1170.0000 0.2605
0.0638 0.0585
0.7493 0.7493
1180.0000 0.2603
0.0552 0.0338
0.7866 0.7866
1190.0000 0.2595
0.0546 0.0501
0.7896 0.7896
1200.0000 0.2607
0.0556 0.0000
0.6767 0.6767
1210.0000 0.2614
0.0705 0.0564
0.7837 0.7837
1220.0000 0.2616
0.0657 0.0539
0.7241 0.7241
1230.0000 0.2582
0.0998 0.0465
0.6937 0.6937
1240.0000 0.2616
0.0791 0.0125
0.7211 0.7211
1250.0000 0.2622
0.0790 0.0543
0.7787 0.7787
1260.0000 0.2629
0.0642 0.0362
0.7407 0.7407
1270.0000 0.2620
0.0588 0.0115
0.7746 0.7746
1280.0000 0.2637
0.0707 0.0417
0.7647 0.7647
1290.0000 0.2635
0.0691 0.0424
0.7647 0.7647
1300.0000 0.2629
0.0645 0.0421
0.7468 0.7468
1310.0000 0.2632
0.0683 0.0058
0.7608 0.7608
1320.0000 0.2619
0.0550 0.0313
0.7732 0.7732
1330.0000 0.2622
0.0568 0.0304
0.7700 0.7700
1340.0000 0.2620
0.0644 0.0470
0.7875 0.7875
1350.0000 0.2610
0.0738 0.0914
0.7488 0.7488
1360.0000 0.2608
0.0770 0.1156
0.7232 0.7232
1370.0000 0.2603
0.0718 0.0562
0.7769 0.7769
1380.0000 0.2589
0.0693 0.0483
0.7404 0.7404
1390.0000 0.2604
0.0678 0.0479
0.7639 0.7639
1400.0000 0.2599
0.0644 0.0584
0.7764 0.7764
1410.0000 0.2599
0.0705 0.0842
0.7794 0.7794
1420.0000 0.2585
0.0621 0.0904
0.7546 0.7546
1430.0000 0.2549
0.0811 0.0575
0.7014 0.7014
1440.0000 0.2581
0.0776 0.0430
0.7789 0.7789
1450.0000 0.2589
0.0671 0.0414
0.7811 0.7811
1460.0000 0.2581
0.0668 0.0338
0.7796 0.7796
1470.0000 0.2585
0.0694 0.0287
0.7810 0.7810
1480.0000 0.2568
0.0665 0.0541
0.7718 0.7718
1490.0000 0.2590
0.0634 0.0434
0.7833 0.7833
1500.0000 0.2574
0.0644 0.0534
0.7780 0.7780
1510.0000 0.2578
0.0629 0.0576
0.7798 0.7798
1520.0000 0.2586
0.0574 0.0326
0.7764 0.7764
1530.0000 0.2589
0.0691 0.0450
0.7877 0.7877
1540.0000 0.2594
0.0717 0.0424
0.7809 0.7809
1550.0000 0.2585
0.0665 0.0412
0.7677 0.7677
1560.0000 0.2589
0.0709 0.0364
0.7811 0.7811
1570.0000 0.2585
0.0758 0.0486
0.7697 0.7697
1580.0000 0.2591
0.0767 0.0573
0.7760 0.7760
1590.0000 0.2596
0.0715 0.0618
0.7694 0.7694
1600.0000 0.2581
0.0783 0.0460
0.7455 0.7455
1610.0000 0.2596
0.0820 0.0497
0.7745 0.7745
1620.0000 0.2571
0.0883 0.0475
0.7688 0.7688
1630.0000 0.2586
0.0936 0.0624
0.7746 0.7746
1640.0000 0.2601
0.0884 0.0675
0.7702 0.7702
1650.0000 0.2597
0.0970 0.0763
0.7605 0.7605
1660.0000 0.2574
0.0954 0.0894
0.7717 0.7717
1670.0000 0.2588
0.0951 0.0739
0.7606 0.7606
1680.0000 0.2591
0.0920 0.0525
0.7661 0.7661
1690.0000 0.2547
0.0822 0.0713
0.7382 0.7382
1700.0000 0.2586
0.1159 0.0688
0.7634 0.7634
1710.0000 0.2595
0.1137 0.1084
0.7015 0.7015
1720.0000 0.2606
0.0972 0.0453
0.7486 0.7486
1730.0000 0.2594
0.0961 0.0652
0.7872 0.7872
1740.0000 0.2570
0.0992 0.0584
0.7772 0.7772
1750.0000 0.2575
0.0930 0.0896
0.7584 0.7584
1760.0000 0.2575
0.0910 0.0417
0.7726 0.7726
1770.0000 0.2587
0.0891 0.0466
0.7847 0.7847
1780.0000 0.2569
0.0999 0.0257
0.7614 0.7614
1790.0000 0.2572
0.0967 0.0652
0.7694 0.7694
1800.0000 0.2570
0.1064 0.0818
0.7745 0.7745
1810.0000 0.2567
0.0970 0.0857
0.7476 0.7476
1820.0000 0.2576
0.0946 0.0493
0.7589 0.7589
1830.0000 0.2587
0.0929 0.0273
0.7466 0.7466
1840.0000 0.2561
0.1148 0.0297
0.7867 0.7867
1850.0000 0.2573
0.0887 0.0056
0.7625 0.7625
1860.0000 0.2575
0.0787 0.0660
0.7353 0.7353
1870.0000 0.2567
0.1026 0.0145
0.7760 0.7760
1880.0000 0.2559
0.1042 0.0107
0.7770 0.7770
1890.0000 0.2554
0.1109 0.0124
0.7426 0.7426
1900.0000 0.2556
0.0976 0.0551
0.7827 0.7827
1910.0000 0.2580
0.0925 0.0446
0.7530 0.7530
1920.0000 0.2581
0.1173 0.0791
0.7775 0.7775
1930.0000 0.2609
0.1053 0.0592
0.6639 0.6639
1940.0000 0.2568
0.0748 0.0588
0.7488 0.7488
1950.0000 0.2596
0.0943 0.0526
0.7758 0.7758
1960.0000 0.2575
0.0692 0.1453
0.7293 0.7293
1970.0000 0.2568
0.1297 0.0386
0.7870 0.7870
1980.0000 0.2583
0.0832 0.1114
0.7502 0.7502
1990.0000 0.2572
0.0913 0.0791
0.7551 0.7551
2000.0000 0.2567
0.1050 0.0385
0.7566 0.7566
2010.0000 0.2557
0.1085 0.0039
0.7093 0.7093
2020.0000 0.2560
0.1249 0.0451
0.7807 0.7807
2030.0000 0.2540
0.1231 0.0216
0.7843 0.7843
2040.0000 0.2541
0.1025 0.0221
0.7837 0.7837
2050.0000 0.2548
0.1042 0.1007
0.7633 0.7633
2060.0000 0.2541
0.1348 0.0565
0.7890 0.7890
2070.0000 0.2526
0.1075 0.0386
0.7958 0.7958
2080.0000 0.2541
0.0997 0.0458
0.7611 0.7611
2090.0000 0.2528
0.1334 0.0386
0.7727 0.7727
2100.0000 0.2549
0.0920 0.0941
0.7578 0.7578
2110.0000 0.2540
0.1053 0.0657
0.7737 0.7737
2120.0000 0.2563
0.0842 0.0082
0.6412 0.6412
2130.0000 0.2585
0.1205 0.0455
0.7817 0.7817
2140.0000 0.2575
0.0934 0.0425
0.7627 0.7627
2150.0000 0.2552
0.1051 0.1081
0.7674 0.7674
2160.0000 0.2540
0.1211 0.0727
0.7873 0.7873
2170.0000 0.2540
0.1283 0.0509
0.7828 0.7828
2180.0000 0.2555
0.1212 0.0671
0.7585 0.7585
2190.0000 0.2599
0.0809 0.0701
0.7115 0.7115
2200.0000 0.2603
0.0950 0.0625
0.6980 0.6980
2210.0000 0.2613
0.0922 0.0502
0.7263 0.7263
2220.0000 0.2601
0.1335 0.0666
0.7415 0.7415
2230.0000 0.2578
0.1154 0.0669
0.7479 0.7479
2240.0000 0.2576
0.1052 0.1123
0.7449 0.7449
2250.0000 0.2538
0.1358 0.1009
0.6872 0.6872
2260.0000 0.2549
0.1043 0.0361
0.7514 0.7514
2270.0000 0.2570
0.1048 0.0247
0.7698 0.7698
2280.0000 0.2563
0.0975 0.0432
0.7551 0.7551
2290.0000 0.2583
0.1030 0.0879
0.6668 0.6668
2300.0000 0.2563
0.1007 0.0376
0.7449 0.7449
2310.0000 0.2564
0.1004 0.0406
0.6842 0.6842
2320.0000 0.2572
0.1309 0.0706
0.7751 0.7751
2330.0000 0.2557
0.1310 0.0589
0.7829 0.7829
2340.0000 0.2541
0.1175 0.0856
0.7671 0.7671
2350.0000 0.2544
0.1127 0.0776
0.7562 0.7562
2360.0000 0.2518
0.0989 0.0610
0.7383 0.7383
2370.0000 0.2558
0.1057 0.0337
0.7289 0.7289
2380.0000 0.2546
0.1161 0.0672
0.7713 0.7713
2390.0000 0.2563
0.1282 0.0238
0.7728 0.7728
2400.0000 0.2560
0.1096 0.0112
0.7514 0.7514
2410.0000 0.2540
0.1094 0.0566
0.7646 0.7646
2420.0000 0.2518
0.0903 0.0777
0.7407 0.7407
2430.0000 0.2549
0.1010 0.0525
0.7646 0.7646
2440.0000 0.2548
0.1081 0.0735
0.7619 0.7619
2450.0000 0.2541
0.1347 0.0665
0.7684 0.7684
2460.0000 0.2551
0.1373 0.0672
0.7534 0.7534
2470.0000 0.2550
0.1080 0.0658
0.7816 0.7816
2480.0000 0.2537
0.0988 0.0428
0.7449 0.7449
2490.0000 0.2509
0.0870 0.0395
0.7204 0.7204
2500.0000 0.2514
0.1380 0.0640
0.7882 0.7882
2510.0000 0.2536
0.1290 0.1065
0.7635 0.7635
2520.0000 0.2532
0.1239 0.1071
0.7613 0.7613
2530.0000 0.2521
0.1379 0.1134
0.7535 0.7535
2540.0000 0.2535
0.0980 0.0870
0.7324 0.7324
2550.0000 0.2539
0.1330 0.0712
0.7696 0.7696
2560.0000 0.2511
0.1136 0.0398
0.7827 0.7827
2570.0000 0.2523
0.1228 0.0521
0.7850 0.7850
2580.0000 0.2535
0.1250 0.0665
0.7825 0.7825
2590.0000 0.2532
0.0972 0.0639
0.7458 0.7458
2600.0000 0.2525
0.0997 0.1412
0.7223 0.7223
2610.0000 0.2527
0.1161 0.1207
0.7647 0.7647
2620.0000 0.2529
0.1286 0.0877
0.7735 0.7735
2630.0000 0.2493
0.1165 0.0351
0.7654 0.7654
2640.0000 0.2516
0.1302 0.0329
0.7865 0.7865
2650.0000 0.2529
0.1288 0.0590
0.7786 0.7786
2660.0000 0.2522
0.1424 0.0483
0.7837 0.7837
2670.0000 0.2513
0.1255 0.0688
0.7458 0.7458
2680.0000 0.2522
0.1350 0.0870
0.7889 0.7889
2690.0000 0.2494
0.1257 0.0246
0.6728 0.6728
2700.0000 0.2509
0.1405 0.0629
0.7866 0.7866
2710.0000 0.2518
0.1403 0.1019
0.7615 0.7615
2720.0000 0.2503
0.1244 0.0791
0.7890 0.7890
2730.0000 0.2507
0.1218 0.1222
0.7254 0.7254
2740.0000 0.2508
0.1362 0.0693
0.7898 0.7898
2750.0000 0.2533
0.1484 0.0680
0.7834 0.7834
2760.0000 0.2529
0.1250 0.0718
0.7388 0.7388
2770.0000 0.2546
0.1175 0.1427
0.7026 0.7026
2780.0000 0.2546
0.1294 0.0728
0.7778 0.7778
2790.0000 0.2561
0.1326 0.1286
0.7576 0.7576
2800.0000 0.2546
0.1297 0.0810
0.7797 0.7797
2810.0000 0.2508
0.1215 0.1359
0.7528 0.7528
2820.0000 0.2547
0.1425 0.0608
0.7833 0.7833
