0.0000 0.3783
0.3780 0.9895
0.1020 0.1020
10.0000 0.6890
0.6891 0.2185
0.1130 0.1130
20.0000 0.7795
0.7794 0.3002
0.3171 0.3171
30.0000 0.8099
0.8100 0.0000
0.5530 0.5530
40.0000 0.8145
0.8146 0.2210
0.5918 0.5918
50.0000 0.8396
0.8396 0.0764
0.6750 0.6750
60.0000 0.8374
0.8376 0.0187
0.6369 0.6369
70.0000 0.8456
0.8456 0.0000
0.6668 0.6668
80.0000 0.8457
0.8454 0.1164
0.5835 0.5835
90.0000 0.8501
0.8500 0.0036
0.7204 0.7204
100.0000 0.8558
0.8557 0.0441
0.7442 0.7442
110.0000 0.8559
0.8559 0.0525
0.7221 0.7221
120.0000 0.8532
0.8534 0.0348
0.7335 0.7335
130.0000 0.8631
0.8631 0.0062
0.6760 0.6760
140.0000 0.8650
0.8651 0.0500
0.7164 0.7164
150.0000 0.8666
0.8666 0.0859
0.7605 0.7605
160.0000 0.8582
0.8585 0.0506
0.7639 0.7639
170.0000 0.8671
0.8670 0.0057
0.7471 0.7471
180.0000 0.8636
0.8634 0.0913
0.7342 0.7342
190.0000 0.8673
0.8671 0.0741
0.7419 0.7419
200.0000 0.8663
0.8664 0.0578
0.7377 0.7377
210.0000 0.8590
0.8593 0.0418
0.7967 0.7967
220.0000 0.8627
0.8625 0.0488
0.7840 0.7840
230.0000 0.8576
0.8575 0.0244
0.7350 0.7350
240.0000 0.8672
0.8671 0.0201
0.7851 0.7851
250.0000 0.8591
0.8589 0.0031
0.7814 0.7814
260.0000 0.8606
0.8604 0.0600
0.7967 0.7967
270.0000 0.8616
0.8613 0.0963
0.7073 0.7073
280.0000 0.8627
0.8623 0.1076
0.7538 0.7538
290.0000 0.8625
0.8625 0.0268
0.7159 0.7159
300.0000 0.8614
0.8613 0.1113
0.7128 0.7128
310.0000 0.8607
0.8606 0.0320
0.7471 0.7471
320.0000 0.8595
0.8595 0.0322
0.7418 0.7418
330.0000 0.8605
0.8601 0.0090
0.7726 0.7726
340.0000 0.8628
0.8627 0.0683
0.7695 0.7695
350.0000 0.8614
0.8612 0.0169
0.7740 0.7740
360.0000 0.8578
0.8579 0.0089
0.7779 0.7779
370.0000 0.8617
0.8610 0.0594
0.7212 0.7212
380.0000 0.8607
0.8604 0.0962
0.7685 0.7685
390.0000 0.8605
0.8604 0.0572
0.7802 0.7802
400.0000 0.8567
0.8568 0.0802
0.6522 0.6522
410.0000 0.8607
0.8607 0.0024
0.7439 0.7439
420.0000 0.8584
0.8584 0.0334
0.6621 0.6621
430.0000 0.8591
0.8592 0.0045
0.6695 0.6695
440.0000 0.8592
0.8592 0.1360
0.6488 0.6488
450.0000 0.8584
0.8582 0.0653
0.7360 0.7360
460.0000 0.8576
0.8573 0.0795
0.7228 0.7228
470.0000 0.8585
0.8585 0.0322
0.7689 0.7689
480.0000 0.8592
0.8592 0.0717
0.7935 0.7935
490.0000 0.8594
0.8593 0.1306
0.7640 0.7640
500.0000 0.8589
0.8590 0.1143
0.7637 0.7637
510.0000 0.8598
0.8596 0.1154
0.7668 0.7668
520.0000 0.8597
0.8596 0.0647
0.8039 0.8039
530.0000 0.8562
0.8565 0.0908
0.7321 0.7321
540.0000 0.8560
0.8559 0.1119
0.7718 0.7718
550.0000 0.8567
0.8567 0.0825
0.7935 0.7935
560.0000 0.8569
0.8569 0.1380
0.7536 0.7536
570.0000 0.8569
0.8568 0.1323
0.7806 0.7806
580.0000 0.8539
0.8541 0.0718
0.7256 0.7256
590.0000 0.8580
0.8580 0.0729
0.7568 0.7568
600.0000 0.8570
0.8566 0.0858
0.7439 0.7439
610.0000 0.8544
0.8544 0.0880
0.7465 0.7465
620.0000 0.8538
0.8536 0.0918
0.7358 0.7358
630.0000 0.8553
0.8553 0.0078
0.7320 0.7320
640.0000 0.8573
0.8573 0.0069
0.6528 0.6528
650.0000 0.8533
0.8535 0.0101
0.5587 0.5587
660.0000 0.8539
0.8540 0.0161
0.7033 0.7033
670.0000 0.8542
0.8543 0.0611
0.6758 0.6758
680.0000 0.8571
0.8569 0.0373
0.7060 0.7060
690.0000 0.8575
0.8578 0.0846
0.7251 0.7251
700.0000 0.8569
0.8566 0.1079
0.6920 0.6920
710.0000 0.8562
0.8559 0.1409
0.6930 0.6930
720.0000 0.8569
0.8568 0.1192
0.6896 0.6896
730.0000 0.8573
0.8572 0.1382
0.6916 0.6916
740.0000 0.8567
0.8567 0.0675
0.7072 0.7072
750.0000 0.8556
0.8555 0.0419
0.7398 0.7398
760.0000 0.8557
0.8556 0.0257
0.7571 0.7571
770.0000 0.8568
0.8565 0.0178
0.7392 0.7392
780.0000 0.8573
0.8574 0.0859
0.7139 0.7139
790.0000 0.8577
0.8580 0.0055
0.7225 0.7225
800.0000 0.8577
0.8579 0.1187
0.7306 0.7306
810.0000 0.8572
0.8570 0.0953
0.7519 0.7519
820.0000 0.8569
0.8571 0.1487
0.7095 0.7095
830.0000 0.8564
0.8567 0.0900
0.7080 0.7080
840.0000 0.8565
0.8564 0.0900
0.7123 0.7123
850.0000 0.8572
0.8572 0.1119
0.7015 0.7015
860.0000 0.8578
0.8576 0.1320
0.6969 0.6969
870.0000 0.8569
0.8570 0.0740
0.7271 0.7271
880.0000 0.8587
0.8587 0.0033
0.6920 0.6920
890.0000 0.8573
0.8575 0.0218
0.7211 0.7211
900.0000 0.8567
0.8567 0.0234
0.7444 0.7444
910.0000 0.8568
0.8568 0.0319
0.7172 0.7172
920.0000 0.8581
0.8579 0.0171
0.7486 0.7486
930.0000 0.8559
0.8557 0.0463
0.7100 0.7100
940.0000 0.8570
0.8569 0.0407
0.7499 0.7499
950.0000 0.8589
0.8591 0.0112
0.7566 0.7566
960.0000 0.8579
0.8578 0.0346
0.7856 0.7856
970.0000 0.8590
0.8586 0.0522
0.7732 0.7732
980.0000 0.8586
0.8586 0.0040
0.6669 0.6669
990.0000 0.8591
0.8590 0.1072
0.7661 0.7661
1000.0000 0.8581
0.8581 0.0733
0.7794 0.7794
1010.0000 0.8570
0.8568 0.0806
0.7534 0.7534
1020.0000 0.8592
0.8591 0.0607
0.7788 0.7788
1030.0000 0.8592
0.8589 0.0641
0.7950 0.7950
1040.0000 0.8577
0.8576 0.0757
0.7704 0.7704
1050.0000 0.8592
0.8593 0.0491
0.7847 0.7847
1060.0000 0.8576
0.8575 0.0478
0.7550 0.7550
1070.0000 0.8575
0.8578 0.0482
0.6613 0.6613
1080.0000 0.8568
0.8568 0.0493
0.7868 0.7868
1090.0000 0.8595
0.8594 0.0856
0.7053 0.7053
1100.0000 0.8590
0.8588 0.0667
0.8000 0.8000
1110.0000 0.8582
0.8584 0.1098
0.7604 0.7604
1120.0000 0.8575
0.8575 0.0941
0.7294 0.7294
1130.0000 0.8595
0.8593 0.0642
0.7473 0.7473
1140.0000 0.8582
0.8582 0.0383
0.8026 0.8026
1150.0000 0.8587
0.8585 0.0368
0.7681 0.7681
1160.0000 0.8593
0.8591 0.0662
0.7600 0.7600
1170.0000 0.8590
0.8590 0.0965
0.7788 0.7788
1180.0000 0.8589
0.8589 0.0827
0.7975 0.7975
1190.0000 0.8575
0.8574 0.1180
0.6964 0.6964
1200.0000 0.8595
0.8594 0.0884
0.7944 0.7944
1210.0000 0.8582
0.8580 0.0727
0.7571 0.7571
1220.0000 0.8572
0.8571 0.0653
0.8009 0.8009
1230.0000 0.8591
0.8591 0.0992
0.7480 0.7480
1240.0000 0.8593
0.8591 0.0746
0.7611 0.7611
1250.0000 0.8579
0.8575 0.0874
0.7819 0.7819
1260.0000 0.8593
0.8592 0.0705
0.8020 0.8020
1270.0000 0.8577
0.8580 0.0402
0.7590 0.7590
1280.0000 0.8600
0.8599 0.0366
0.8142 0.8142
1290.0000 0.8613
0.8611 0.0404
0.7512 0.7512
1300.0000 0.8608
0.8609 0.0463
0.8029 0.8029
1310.0000 0.8634
0.8627 0.0410
0.8123 0.8123
1320.0000 0.8607
0.8603 0.0711
0.7817 0.7817
1330.0000 0.8621
0.8618 0.0464
0.7884 0.7884
1340.0000 0.8601
0.8597 0.0007
0.7435 0.7435
1350.0000 0.8601
0.8598 0.0554
0.8069 0.8069
1360.0000 0.8592
0.8588 0.0533
0.8059 0.8059
1370.0000 0.8594
0.8594 0.0380
0.8094 0.8094
1380.0000 0.8611
0.8608 0.0552
0.8176 0.8176
1390.0000 0.8605
0.8598 0.0893
0.7955 0.7955
1400.0000 0.8635
0.8633 0.0781
0.7966 0.7966
1410.0000 0.8614
0.8610 0.0857
0.8118 0.8118
1420.0000 0.8614
0.8610 0.0545
0.8076 0.8076
1430.0000 0.8617
0.8616 0.0663
0.7788 0.7788
1440.0000 0.8597
0.8599 0.1064
0.6676 0.6676
1450.0000 0.8623
0.8621 0.0737
0.8088 0.8088
1460.0000 0.8643
0.8640 0.0482
0.8252 0.8252
1470.0000 0.8626
0.8622 0.0315
0.8234 0.8234
1480.0000 0.8635
0.8633 0.0406
0.8236 0.8236
1490.0000 0.8649
0.8646 0.0765
0.7395 0.7395
1500.0000 0.8652
0.8650 0.0628
0.7464 0.7464
1510.0000 0.8659
0.8654 0.0614
0.7870 0.7870
1520.0000 0.8646
0.8643 0.0819
0.8159 0.8159
1530.0000 0.8635
0.8632 0.0679
0.8104 0.8104
1540.0000 0.8649
0.8647 0.0576
0.8206 0.8206
1550.0000 0.8646
0.8647 0.0795
0.7829 0.7829
1560.0000 0.8638
0.8635 0.0525
0.8196 0.8196
1570.0000 0.8644
0.8640 0.0385
0.7799 0.7799
1580.0000 0.8647
0.8644 0.0588
0.7963 0.7963
1590.0000 0.8646
0.8644 0.0285
0.8290 0.8290
1600.0000 0.8653
0.8654 0.0491
0.7957 0.7957
1610.0000 0.8636
0.8632 0.0216
0.7975 0.7975
1620.0000 0.8640
0.8637 0.0446
0.7987 0.7987
1630.0000 0.8637
0.8631 0.0656
0.8238 0.8238
1640.0000 0.8632
0.8627 0.0301
0.7810 0.7810
1650.0000 0.8641
0.8638 0.0486
0.8091 0.8091
1660.0000 0.8626
0.8623 0.1111
0.7495 0.7495
1670.0000 0.8640
0.8636 0.0487
0.8359 0.8359
1680.0000 0.8641
0.8637 0.0457
0.8235 0.8235
1690.0000 0.8656
0.8654 0.0585
0.8300 0.8300
1700.0000 0.8636
0.8633 0.0640
0.8340 0.8340
1710.0000 0.8634
0.8632 0.0995
0.8041 0.8041
1720.0000 0.8616
0.8613 0.0627
0.8053 0.8053
1730.0000 0.8630
0.8629 0.0565
0.8141 0.8141
1740.0000 0.8625
0.8623 0.0652
0.8068 0.8068
1750.0000 0.8636
0.8635 0.0348
0.8270 0.8270
1760.0000 0.8619
0.8618 0.0603
0.8435 0.8435
1770.0000 0.8630
0.8627 0.0413
0.8405 0.8405
1780.0000 0.8630
0.8627 0.0565
0.8160 0.8160
1790.0000 0.8619
0.8616 0.0682
0.8289 0.8289
1800.0000 0.8638
0.8636 0.0545
0.8379 0.8379
1810.0000 0.8626
0.8629 0.0377
0.8468 0.8468
1820.0000 0.8627
0.8628 0.0587
0.8416 0.8416
1830.0000 0.8629
0.8623 0.0898
0.8240 0.8240
1840.0000 0.8637
0.8637 0.0728
0.8201 0.8201
1850.0000 0.8630
0.8629 0.1003
0.7936 0.7936
1860.0000 0.8627
0.8625 0.0448
0.8273 0.8273
1870.0000 0.8604
0.8602 0.0387
0.8287 0.8287
1880.0000 0.8618
0.8616 0.0204
0.8258 0.8258
1890.0000 0.8627
0.8625 0.0620
0.8297 0.8297
1900.0000 0.8625
0.8621 0.0749
0.8179 0.8179
1910.0000 0.8603
0.8602 0.0278
0.8415 0.8415
1920.0000 0.8612
0.8615 0.0385
0.8178 0.8178
1930.0000 0.8613
0.8608 0.0523
0.7691 0.7691
1940.0000 0.8605
0.8604 0.0570
0.8384 0.8384
1950.0000 0.8606
0.8604 0.0748
0.8094 0.8094
1960.0000 0.8589
0.8584 0.0176
0.7820 0.7820
1970.0000 0.8590
0.8592 0.0182
0.8467 0.8467
1980.0000 0.8596
0.8593 0.0696
0.8001 0.8001
1990.0000 0.8623
0.8619 0.0756
0.8178 0.8178
2000.0000 0.8606
0.8604 0.0758
0.8213 0.8213
2010.0000 0.8616
0.8617 0.0867
0.8300 0.8300
2020.0000 0.8601
0.8600 0.0890
0.8269 0.8269
2030.0000 0.8601
0.8600 0.0943
0.8038 0.8038
2040.0000 0.8609
0.8606 0.0504
0.8431 0.8431
2050.0000 0.8600
0.8597 0.0706
0.8203 0.8203
2060.0000 0.8606
0.8603 0.0699
0.8494 0.8494
2070.0000 0.8609
0.8610 0.0738
0.8452 0.8452
2080.0000 0.8601
0.8602 0.0791
0.8334 0.8334
2090.0000 0.8598
0.8597 0.0445
0.8556 0.8556
2100.0000 0.8584
0.8581 0.0258
0.8562 0.8562
2110.0000 0.8593
0.8591 0.0405
0.8494 0.8494
2120.0000 0.8598
0.8597 0.0289
0.8514 0.8514
2130.0000 0.8608
0.8605 0.0772
0.7394 0.7394
2140.0000 0.8610
0.8611 0.0713
0.8251 0.8251
2150.0000 0.8621
0.8617 0.0703
0.8402 0.8402
2160.0000 0.8616
0.8614 0.0716
0.8462 0.8462
2170.0000 0.8615
0.8615 0.1062
0.8120 0.8120
2180.0000 0.8609
0.8610 0.0870
0.8353 0.8353
2190.0000 0.8597
0.8596 0.0367
0.8471 0.8471
2200.0000 0.8599
0.8596 0.0245
0.8593 0.8593
2210.0000 0.8601
0.8597 0.0352
0.8588 0.8588
2220.0000 0.8609
0.8607 0.0765
0.8122 0.8122
2230.0000 0.8595
0.8596 0.1162
0.8244 0.8244
2240.0000 0.8599
0.8599 0.1085
0.8235 0.8235
2250.0000 0.8599
0.8599 0.0678
0.8475 0.8475
2260.0000 0.8593
0.8590 0.0706
0.8418 0.8418
2270.0000 0.8586
0.8585 0.0401
0.8180 0.8180
2280.0000 0.8596
0.8592 0.0941
0.8406 0.8406
2290.0000 0.8610
0.8609 0.0664
0.8527 0.8527
2300.0000 0.8599
0.8595 0.0234
0.8498 0.8498
2310.0000 0.8604
0.8602 0.0250
0.8523 0.8523
2320.0000 0.8597
0.8597 0.0256
0.8494 0.8494
2330.0000 0.8597
0.8594 0.0618
0.8413 0.8413
2340.0000 0.8590
0.8589 0.0939
0.8441 0.8441
2350.0000 0.8608
0.8606 0.1030
0.8363 0.8363
2360.0000 0.8609
0.8606 0.1037
0.8124 0.8124
2370.0000 0.8603
0.8601 0.0465
0.8501 0.8501
2380.0000 0.8609
0.8607 0.0343
0.8549 0.8549
2390.0000 0.8597
0.8595 0.0089
0.8160 0.8160
2400.0000 0.8605
0.8604 0.0516
0.8497 0.8497
2410.0000 0.8601
0.8602 0.0357
0.8592 0.8592
2420.0000 0.8598
0.8596 0.0317
0.8535 0.8535
2430.0000 0.8602
0.8600 0.0496
0.8508 0.8508
2440.0000 0.8590
0.8586 0.0204
0.8495 0.8495
2450.0000 0.8602
0.8602 0.0433
0.8537 0.8537
2460.0000 0.8605
0.8600 0.0485
0.8458 0.8458
2470.0000 0.8593
0.8585 0.0503
0.8578 0.8578
2480.0000 0.8578
0.8575 0.0749
0.8429 0.8429
2490.0000 0.8570
0.8572 0.0071
0.8341 0.8341
2500.0000 0.8598
0.8598 0.0689
0.8578 0.8578
2510.0000 0.8595
0.8593 0.1051
0.8407 0.8407
2520.0000 0.8595
0.8592 0.1007
0.8493 0.8493
2530.0000 0.8608
0.8606 0.2049
0.7950 0.7950
2540.0000 0.8597
0.8597 0.1819
0.8149 0.8149
2550.0000 0.8599
0.8597 0.1036
0.8418 0.8418
2560.0000 0.8591
0.8594 0.1305
0.8449 0.8449
2570.0000 0.8577
0.8576 0.1101
0.8492 0.8492
2580.0000 0.8590
0.8588 0.1429
0.8299 0.8299
2590.0000 0.8577
0.8576 0.2582
0.8033 0.8033
2600.0000 0.8596
0.8593 0.1346
0.8513 0.8513
2610.0000 0.8581
0.8582 0.0238
0.8498 0.8498
2620.0000 0.8588
0.8584 0.0558
0.8543 0.8543
2630.0000 0.8579
0.8575 0.0160
0.8380 0.8380
2640.0000 0.8577
0.8573 0.0344
0.8530 0.8530
2650.0000 0.8575
0.8575 0.0724
0.8216 0.8216
2660.0000 0.8587
0.8587 0.1276
0.8619 0.8619
2670.0000 0.8581
0.8580 0.0344
0.8317 0.8317
2680.0000 0.8581
0.8576 0.0969
0.8564 0.8564
2690.0000 0.8578
0.8577 0.1992
0.8545 0.8545
2700.0000 0.8580
0.8577 0.2067
0.8517 0.8517
2710.0000 0.8582
0.8581 0.2673
0.8308 0.8308
2720.0000 0.8554
0.8556 0.2724
0.8470 0.8470
2730.0000 0.8565
0.8562 0.2621
0.8519 0.8519
2740.0000 0.8537
0.8537 0.2729
0.8007 0.8007
2750.0000 0.8571
0.8572 0.3580
0.8294 0.8294
2760.0000 0.8555
0.8549 0.2736
0.8565 0.8565
2770.0000 0.8550
0.8554 0.2921
0.8487 0.8487
2780.0000 0.8566
0.8563 0.3198
0.8448 0.8448
2790.0000 0.8544
0.8541 0.4234
0.7322 0.7322
2800.0000 0.8529
0.8525 0.2925
0.8461 0.8461
2810.0000 0.8539
0.8539 0.4265
0.8024 0.8024
2820.0000 0.8560
0.8559 0.4264
0.8411 0.8411
2830.0000 0.8557
0.8552 0.5085
0.8008 0.8008
2840.0000 0.8565
0.8563 0.4859
0.8354 0.8354
2850.0000 0.8553
0.8551 0.4476
0.7971 0.7971
2860.0000 0.8562
0.8559 0.4923
0.8291 0.8291
2870.0000 0.8552
0.8552 0.4955
0.8427 0.8427
2880.0000 0.8544
0.8545 0.4619
0.8410 0.8410
2890.0000 0.8579
0.8578 0.2710
0.8468 0.8468
2900.0000 0.8568
0.8567 0.2795
0.8551 0.8551
2910.0000 0.8560
0.8559 0.2091
0.8488 0.8488
2920.0000 0.8563
0.8558 0.3758
0.8637 0.8637
2930.0000 0.8554
0.8556 0.0605
0.8065 0.8065
2940.0000 0.8579
0.8576 0.4635
0.8540 0.8540
2950.0000 0.8560
0.8557 0.6814
0.8386 0.8386
2960.0000 0.8556
0.8555 0.6480
0.8475 0.8475
2970.0000 0.8554
0.8555 0.6999
0.8404 0.8404
2980.0000 0.8551
0.8552 0.6913
0.8395 0.8395
2990.0000 0.8549
0.8549 0.5719
0.7442 0.7442
3000.0000 0.8561
0.8558 0.3683
0.8551 0.8551
3010.0000 0.8547
0.8547 0.5760
0.8427 0.8427
3020.0000 0.8556
0.8551 0.4532
0.8604 0.8604
3030.0000 0.8553
0.8553 0.5315
0.8537 0.8537
3039.0000 0.8538
0.8537 0.7581
0.8326 0.8326
