0.0000 0.7020
0.7019 0.1370
0.0116 0.0116
10.0000 0.8466
0.8465 0.1189
0.0054 0.0054
20.0000 0.8662
0.8662 0.1082
0.0048 0.0048
30.0000 0.8766
0.8766 0.0093
0.2803 0.2803
40.0000 0.8865
0.8866 0.0510
0.4522 0.4522
50.0000 0.8904
0.8905 0.0693
0.6778 0.6778
60.0000 0.8895
0.8894 0.0585
0.7448 0.7448
70.0000 0.8930
0.8929 0.0687
0.7289 0.7289
80.0000 0.8979
0.8979 0.0218
0.7381 0.7381
90.0000 0.8988
0.8989 0.0132
0.7492 0.7492
100.0000 0.8919
0.8921 0.0160
0.7260 0.7260
110.0000 0.8955
0.8957 0.0568
0.7321 0.7321
120.0000 0.8949
0.8947 0.0298
0.7831 0.7831
130.0000 0.8871
0.8870 0.1639
0.6496 0.6496
140.0000 0.8890
0.8887 0.0492
0.7412 0.7412
150.0000 0.8993
0.8993 0.0234
0.7564 0.7564
160.0000 0.8974
0.8974 0.0383
0.7796 0.7796
170.0000 0.8970
0.8971 0.0191
0.6956 0.6956
180.0000 0.8957
0.8956 0.0235
0.7871 0.7871
190.0000 0.8973
0.8974 0.0092
0.7313 0.7313
200.0000 0.8985
0.8985 0.1104
0.7780 0.7780
210.0000 0.8948
0.8948 0.0659
0.7737 0.7737
220.0000 0.8949
0.8951 0.0492
0.8015 0.8015
230.0000 0.8966
0.8967 0.0050
0.7540 0.7540
240.0000 0.8942
0.8940 0.0640
0.7340 0.7340
250.0000 0.8958
0.8961 0.0673
0.7654 0.7654
260.0000 0.8934
0.8935 0.0975
0.7714 0.7714
270.0000 0.8932
0.8934 0.0902
0.7761 0.7761
280.0000 0.8922
0.8922 0.0760
0.8096 0.8096
290.0000 0.8954
0.8955 0.0100
0.7693 0.7693
300.0000 0.8974
0.8976 0.0148
0.7415 0.7415
310.0000 0.8956
0.8957 0.0344
0.8207 0.8207
320.0000 0.8938
0.8937 0.0840
0.7392 0.7392
330.0000 0.8934
0.8936 0.0105
0.8143 0.8143
340.0000 0.8967
0.8969 0.0840
0.7879 0.7879
350.0000 0.8958
0.8961 0.1250
0.7489 0.7489
360.0000 0.8946
0.8945 0.0392
0.7682 0.7682
370.0000 0.8947
0.8946 0.1598
0.7144 0.7144
380.0000 0.8928
0.8928 0.0682
0.8084 0.8084
390.0000 0.8940
0.8943 0.0527
0.8227 0.8227
400.0000 0.8956
0.8959 0.0012
0.7705 0.7705
410.0000 0.8958
0.8961 0.0119
0.8104 0.8104
420.0000 0.8951
0.8951 0.0287
0.8270 0.8270
430.0000 0.8965
0.8967 0.0568
0.7950 0.7950
440.0000 0.8947
0.8946 0.1154
0.7541 0.7541
450.0000 0.8952
0.8954 0.0313
0.8242 0.8242
460.0000 0.8954
0.8957 0.0095
0.8156 0.8156
470.0000 0.8948
0.8950 0.0776
0.7966 0.7966
480.0000 0.8951
0.8951 0.0902
0.7844 0.7844
490.0000 0.8948
0.8950 0.0231
0.8368 0.8368
500.0000 0.8956
0.8956 0.0119
0.8264 0.8264
510.0000 0.8950
0.8949 0.0160
0.8193 0.8193
520.0000 0.8959
0.8959 0.0636
0.7823 0.7823
530.0000 0.8957
0.8955 0.0250
0.8227 0.8227
540.0000 0.8949
0.8949 0.0473
0.8074 0.8074
550.0000 0.8961
0.8963 0.0100
0.8021 0.8021
560.0000 0.8950
0.8953 0.0579
0.8115 0.8115
570.0000 0.8958
0.8961 0.0838
0.7951 0.7951
580.0000 0.8960
0.8962 0.0766
0.7784 0.7784
590.0000 0.8947
0.8949 0.0598
0.8123 0.8123
600.0000 0.8953
0.8952 0.0477
0.8422 0.8422
610.0000 0.8951
0.8953 0.1562
0.7222 0.7222
620.0000 0.8952
0.8953 0.0681
0.7987 0.7987
630.0000 0.8946
0.8947 0.0274
0.8221 0.8221
640.0000 0.8960
0.8963 0.0046
0.8201 0.8201
650.0000 0.8964
0.8965 0.0070
0.8131 0.8131
660.0000 0.8953
0.8955 0.0397
0.8053 0.8053
670.0000 0.8965
0.8967 0.0356
0.8260 0.8260
680.0000 0.8927
0.8928 0.0340
0.8226 0.8226
690.0000 0.8944
0.8943 0.0534
0.8213 0.8213
700.0000 0.8920
0.8921 0.0235
0.8386 0.8386
710.0000 0.8940
0.8943 0.0356
0.8488 0.8488
720.0000 0.8941
0.8944 0.0602
0.8280 0.8280
730.0000 0.8942
0.8944 0.0371
0.8097 0.8097
740.0000 0.8928
0.8932 0.0290
0.8398 0.8398
750.0000 0.8934
0.8936 0.0052
0.8189 0.8189
760.0000 0.8948
0.8949 0.0452
0.8292 0.8292
770.0000 0.8890
0.8892 0.0265
0.8122 0.8122
780.0000 0.8956
0.8959 0.0505
0.8100 0.8100
790.0000 0.8948
0.8952 0.0004
0.7974 0.7974
800.0000 0.8939
0.8939 0.0345
0.8380 0.8380
810.0000 0.8937
0.8940 0.0002
0.7773 0.7773
820.0000 0.8954
0.8956 0.0342
0.7996 0.7996
830.0000 0.8934
0.8936 0.0328
0.8369 0.8369
840.0000 0.8958
0.8956 0.0155
0.8268 0.8268
850.0000 0.8915
0.8917 0.0387
0.8436 0.8436
860.0000 0.8961
0.8962 0.0183
0.8327 0.8327
870.0000 0.8943
0.8946 0.0230
0.7344 0.7344
880.0000 0.8926
0.8927 0.0203
0.8113 0.8113
890.0000 0.8967
0.8970 0.0935
0.7720 0.7720
900.0000 0.8957
0.8960 0.1089
0.7909 0.7909
910.0000 0.8964
0.8964 0.0786
0.8222 0.8222
920.0000 0.8967
0.8968 0.0422
0.7572 0.7572
930.0000 0.8962
0.8964 0.0807
0.8228 0.8228
940.0000 0.8948
0.8950 0.0776
0.8072 0.8072
950.0000 0.8975
0.8976 0.0334
0.8430 0.8430
960.0000 0.8965
0.8965 0.0172
0.8132 0.8132
970.0000 0.8957
0.8960 0.0211
0.8399 0.8399
980.0000 0.8958
0.8959 0.0259
0.7485 0.7485
990.0000 0.8965
0.8966 0.0007
0.7826 0.7826
1000.0000 0.8966
0.8965 0.0297
0.8173 0.8173
1010.0000 0.8963
0.8967 0.0164
0.8444 0.8444
1020.0000 0.8978
0.8980 0.0367
0.7905 0.7905
1030.0000 0.8953
0.8954 0.0320
0.8141 0.8141
1040.0000 0.8966
0.8968 0.0166
0.8137 0.8137
1050.0000 0.8947
0.8950 0.0080
0.8254 0.8254
1060.0000 0.8968
0.8970 0.0213
0.8406 0.8406
1070.0000 0.8972
0.8972 0.0239
0.7458 0.7458
1080.0000 0.8969
0.8969 0.0311
0.8232 0.8232
1090.0000 0.8968
0.8970 0.0462
0.8101 0.8101
1100.0000 0.8966
0.8968 0.0264
0.8408 0.8408
1110.0000 0.8966
0.8969 0.0234
0.7103 0.7103
1120.0000 0.8982
0.8982 0.1238
0.7810 0.7810
1130.0000 0.8989
0.8991 0.0183
0.7836 0.7836
1140.0000 0.8980
0.8981 0.0147
0.7962 0.7962
1150.0000 0.8979
0.8981 0.0632
0.8301 0.8301
1160.0000 0.8979
0.8980 0.0979
0.7674 0.7674
1170.0000 0.8983
0.8987 0.0293
0.7758 0.7758
1180.0000 0.8970
0.8974 0.0027
0.8087 0.8087
1190.0000 0.8978
0.8981 0.1243
0.8109 0.8109
1200.0000 0.8976
0.8978 0.0887
0.7912 0.7912
1210.0000 0.8993
0.8994 0.1260
0.7831 0.7831
1220.0000 0.8997
0.8997 0.0754
0.8188 0.8188
1230.0000 0.8973
0.8976 0.1091
0.8183 0.8183
1240.0000 0.8977
0.8978 0.0639
0.8053 0.8053
1250.0000 0.8957
0.8958 0.0397
0.8428 0.8428
1260.0000 0.8976
0.8978 0.0290
0.8444 0.8444
1270.0000 0.8980
0.8983 0.0189
0.8509 0.8509
1280.0000 0.8991
0.8992 0.0531
0.8418 0.8418
1290.0000 0.8971
0.8970 0.0219
0.8267 0.8267
1300.0000 0.8980
0.8981 0.0870
0.7837 0.7837
1310.0000 0.8981
0.8982 0.0806
0.7571 0.7571
1320.0000 0.8980
0.8978 0.0862
0.7834 0.7834
1330.0000 0.8985
0.8988 0.0613
0.8276 0.8276
1340.0000 0.8990
0.8991 0.0824
0.8293 0.8293
1350.0000 0.8980
0.8981 0.0100
0.8207 0.8207
1360.0000 0.8976
0.8975 0.1246
0.8088 0.8088
1370.0000 0.8973
0.8974 0.0896
0.7479 0.7479
1380.0000 0.8967
0.8971 0.0866
0.7851 0.7851
1390.0000 0.8966
0.8966 0.0745
0.7738 0.7738
1400.0000 0.8983
0.8983 0.0442
0.8233 0.8233
1410.0000 0.8982
0.8983 0.0078
0.8308 0.8308
1420.0000 0.8977
0.8979 0.0017
0.8109 0.8109
1430.0000 0.8973
0.8976 0.0193
0.8213 0.8213
1440.0000 0.8976
0.8976 0.0556
0.8512 0.8512
1450.0000 0.8979
0.8978 0.0615
0.8314 0.8314
1460.0000 0.8994
0.8993 0.0358
0.8485 0.8485
1470.0000 0.8988
0.8989 0.0059
0.8286 0.8286
1480.0000 0.8978
0.8979 0.0121
0.8225 0.8225
1490.0000 0.8995
0.8998 0.0296
0.7965 0.7965
1500.0000 0.8987
0.8989 0.0076
0.8350 0.8350
1510.0000 0.8981
0.8982 0.0496
0.7699 0.7699
1520.0000 0.8992
0.8992 0.1309
0.8009 0.8009
1530.0000 0.8978
0.8979 0.0765
0.7909 0.7909
1540.0000 0.9009
0.9010 0.1089
0.8200 0.8200
1550.0000 0.8990
0.8989 0.0780
0.7968 0.7968
1560.0000 0.9002
0.9002 0.0477
0.8351 0.8351
1570.0000 0.8989
0.8991 0.0121
0.8222 0.8222
1580.0000 0.8985
0.8986 0.0171
0.8450 0.8450
1590.0000 0.8982
0.8983 0.0245
0.6937 0.6937
1600.0000 0.8992
0.8992 0.0089
0.8321 0.8321
1610.0000 0.9000
0.9000 0.0516
0.7807 0.7807
1620.0000 0.8988
0.8988 0.1010
0.8168 0.8168
1630.0000 0.9004
0.9006 0.1487
0.7679 0.7679
1640.0000 0.9001
0.9000 0.0653
0.7986 0.7986
1650.0000 0.8990
0.8992 0.0508
0.8319 0.8319
1660.0000 0.8987
0.8987 0.0363
0.8356 0.8356
1670.0000 0.9004
0.9004 0.0257
0.8439 0.8439
1680.0000 0.8984
0.8983 0.0150
0.8453 0.8453
1690.0000 0.8993
0.8994 0.0421
0.7869 0.7869
1700.0000 0.9005
0.9001 0.0060
0.8370 0.8370
1710.0000 0.8982
0.8983 0.0102
0.7932 0.7932
1720.0000 0.8985
0.8985 0.0176
0.8094 0.8094
1730.0000 0.9007
0.9009 0.0452
0.8445 0.8445
1740.0000 0.8999
0.9002 0.2193
0.7279 0.7279
1750.0000 0.8981
0.8982 0.1625
0.7722 0.7722
1760.0000 0.8993
0.8993 0.0937
0.8169 0.8169
1770.0000 0.9004
0.9004 0.1446
0.7328 0.7328
1780.0000 0.8993
0.8992 0.0014
0.7861 0.7861
1790.0000 0.8997
0.8998 0.0178
0.8352 0.8352
1800.0000 0.8962
0.8961 0.1116
0.7745 0.7745
1810.0000 0.9003
0.9007 0.1169
0.8143 0.8143
1820.0000 0.8981
0.8980 0.1092
0.8201 0.8201
1830.0000 0.8997
0.8998 0.1363
0.7596 0.7596
1840.0000 0.9001
0.9002 0.0921
0.8006 0.8006
1850.0000 0.9001
0.9001 0.0749
0.8320 0.8320
1860.0000 0.8988
0.8989 0.0600
0.8177 0.8177
1870.0000 0.8996
0.8995 0.0355
0.8546 0.8546
1880.0000 0.8999
0.8996 0.0012
0.7968 0.7968
1890.0000 0.9007
0.9006 0.0070
0.8377 0.8377
1900.0000 0.9002
0.9002 0.1358
0.7524 0.7524
1910.0000 0.9004
0.9005 0.0118
0.8298 0.8298
1920.0000 0.8998
0.8999 0.0704
0.8290 0.8290
1930.0000 0.9002
0.9002 0.0066
0.8228 0.8228
1940.0000 0.9008
0.9008 0.0150
0.8361 0.8361
1950.0000 0.9002
0.9003 0.0234
0.7863 0.7863
1960.0000 0.9000
0.8998 0.0544
0.8470 0.8470
1970.0000 0.8995
0.8999 0.0606
0.8500 0.8500
1980.0000 0.8998
0.8999 0.0208
0.8499 0.8499
1990.0000 0.9010
0.9011 0.0088
0.8246 0.8246
2000.0000 0.8990
0.8990 0.0919
0.7967 0.7967
2010.0000 0.8999
0.8999 0.0906
0.8190 0.8190
2020.0000 0.8991
0.8993 0.1226
0.7774 0.7774
2030.0000 0.9004
0.9003 0.1031
0.8000 0.8000
2040.0000 0.9012
0.9010 0.0186
0.8196 0.8196
2050.0000 0.9002
0.9003 0.0339
0.7619 0.7619
2060.0000 0.8988
0.8986 0.0392
0.8346 0.8346
2070.0000 0.9006
0.9008 0.0296
0.8415 0.8415
2080.0000 0.9008
0.9008 0.0166
0.7924 0.7924
2090.0000 0.8996
0.8994 0.0467
0.8358 0.8358
2100.0000 0.8998
0.8998 0.0570
0.8247 0.8247
2110.0000 0.9001
0.9003 0.0490
0.8321 0.8321
2120.0000 0.8998
0.8998 0.0476
0.8363 0.8363
2130.0000 0.9007
0.9007 0.0664
0.8316 0.8316
2140.0000 0.9000
0.9000 0.1128
0.8200 0.8200
2150.0000 0.8994
0.8995 0.0345
0.7649 0.7649
2160.0000 0.9001
0.9000 0.0393
0.8629 0.8629
2170.0000 0.8996
0.8996 0.0514
0.8467 0.8467
2180.0000 0.9008
0.9008 0.0101
0.8408 0.8408
2190.0000 0.9022
0.9021 0.0274
0.8391 0.8391
2200.0000 0.9004
0.9003 0.0276
0.7986 0.7986
2210.0000 0.9009
0.9008 0.0239
0.8372 0.8372
2220.0000 0.8996
0.8995 0.1913
0.7494 0.7494
2230.0000 0.9007
0.9008 0.0155
0.8151 0.8151
2240.0000 0.8995
0.8995 0.0121
0.8264 0.8264
2250.0000 0.8991
0.8987 0.0919
0.7942 0.7942
2260.0000 0.9011
0.9011 0.1491
0.7982 0.7982
2270.0000 0.9011
0.9012 0.0686
0.8391 0.8391
2280.0000 0.8997
0.8995 0.0730
0.8324 0.8324
2290.0000 0.9021
0.9021 0.0284
0.8565 0.8565
2300.0000 0.9012
0.9013 0.0656
0.8487 0.8487
2310.0000 0.8991
0.8992 0.0395
0.8313 0.8313
2320.0000 0.9004
0.9005 0.0098
0.8288 0.8288
2330.0000 0.9013
0.9014 0.0048
0.7567 0.7567
2340.0000 0.8989
0.8989 0.0196
0.7893 0.7893
2350.0000 0.9017
0.9014 0.0151
0.7921 0.7921
2360.0000 0.9002
0.9001 0.0065
0.7787 0.7787
2370.0000 0.9002
0.9005 0.0038
0.8234 0.8234
2380.0000 0.9008
0.9006 0.0492
0.8340 0.8340
2390.0000 0.8999
0.9000 0.0168
0.8321 0.8321
2400.0000 0.9006
0.9005 0.0129
0.8329 0.8329
2410.0000 0.9026
0.9025 0.1125
0.8122 0.8122
2420.0000 0.9002
0.9003 0.0690
0.8026 0.8026
2430.0000 0.9000
0.8998 0.0256
0.8438 0.8438
2440.0000 0.9008
0.9007 0.0320
0.8153 0.8153
2450.0000 0.8997
0.9000 0.0251
0.8323 0.8323
2460.0000 0.9004
0.9005 0.0174
0.8261 0.8261
2470.0000 0.8992
0.8993 0.0486
0.8216 0.8216
2480.0000 0.8997
0.8997 0.0505
0.8360 0.8360
2490.0000 0.9002
0.9003 0.0662
0.8347 0.8347
2500.0000 0.9009
0.9010 0.0447
0.8404 0.8404
2510.0000 0.9006
0.9003 0.0345
0.8432 0.8432
2520.0000 0.9000
0.8997 0.0475
0.8140 0.8140
2530.0000 0.8996
0.8996 0.0482
0.8244 0.8244
2540.0000 0.8999
0.8999 0.0514
0.8421 0.8421
2550.0000 0.9003
0.9003 0.0438
0.8026 0.8026
2560.0000 0.9007
0.9007 0.0482
0.8475 0.8475
2570.0000 0.9010
0.9010 0.0835
0.7307 0.7307
2580.0000 0.9025
0.9025 0.0007
0.7007 0.7007
2590.0000 0.9001
0.9003 0.0816
0.7779 0.7779
2600.0000 0.8988
0.8986 0.0359
0.8468 0.8468
2610.0000 0.8959
0.8960 0.1164
0.6506 0.6506
2620.0000 0.9002
0.9001 0.0401
0.8475 0.8475
2630.0000 0.8992
0.8990 0.0549
0.8442 0.8442
2640.0000 0.8993
0.8993 0.0450
0.8363 0.8363
2650.0000 0.8994
0.8993 0.0779
0.8211 0.8211
2660.0000 0.8999
0.9002 0.0194
0.8236 0.8236
2670.0000 0.8995
0.8991 0.0531
0.8395 0.8395
2680.0000 0.8984
0.8982 0.0896
0.7970 0.7970
2690.0000 0.8995
0.8996 0.0485
0.8073 0.8073
2700.0000 0.9007
0.9008 0.1622
0.7336 0.7336
2710.0000 0.9009
0.9011 0.0400
0.8464 0.8464
2720.0000 0.8994
0.8993 0.0759
0.8357 0.8357
2730.0000 0.8990
0.8990 0.1716
0.7932 0.7932
2740.0000 0.9001
0.9001 0.0436
0.8380 0.8380
2750.0000 0.9001
0.9004 0.0835
0.7953 0.7953
2760.0000 0.8971
0.8971 0.0152
0.7658 0.7658
2770.0000 0.9006
0.9009 0.0743
0.7498 0.7498
2780.0000 0.8990
0.8989 0.0839
0.8200 0.8200
2790.0000 0.9002
0.8999 0.0511
0.8308 0.8308
2800.0000 0.8990
0.8990 0.0473
0.8262 0.8262
2810.0000 0.8988
0.8990 0.1042
0.8233 0.8233
2820.0000 0.8984
0.8988 0.0637
0.8382 0.8382
2830.0000 0.8988
0.8988 0.0577
0.7891 0.7891
2840.0000 0.8990
0.8988 0.0220
0.7821 0.7821
2850.0000 0.8990
0.8991 0.0052
0.8095 0.8095
2860.0000 0.9007
0.9006 0.0307
0.7702 0.7702
2870.0000 0.8993
0.8995 0.0435
0.8021 0.8021
2880.0000 0.8995
0.8996 0.0544
0.8349 0.8349
2890.0000 0.8998
0.8996 0.0584
0.8381 0.8381
2900.0000 0.9014
0.9014 0.0115
0.7673 0.7673
2910.0000 0.8996
0.8997 0.0288
0.7967 0.7967
2920.0000 0.9001
0.9000 0.0323
0.8543 0.8543
2930.0000 0.8983
0.8986 0.0562
0.8441 0.8441
2940.0000 0.8990
0.8990 0.0496
0.8423 0.8423
2950.0000 0.8989
0.8988 0.0524
0.8522 0.8522
2960.0000 0.8998
0.8999 0.0785
0.8021 0.8021
2970.0000 0.8990
0.8990 0.0776
0.7687 0.7687
2980.0000 0.9003
0.9005 0.0154
0.8252 0.8252
2990.0000 0.9010
0.9012 0.0147
0.7929 0.7929
3000.0000 0.8979
0.8979 0.0235
0.8293 0.8293
3010.0000 0.9016
0.9018 0.0213
0.8515 0.8515
3019.0000 0.9006
0.9005 0.0178
0.8318 0.8318
