0.0000 0.0998
0.0618 0.9980
0.1002 0.1002
10.0000 0.1002
0.0999 1.0000
0.1001 0.1001
20.0000 0.1002
0.0999 1.0000
0.1000 0.1000
30.0000 0.1002
0.1002 1.0000
0.1001 0.1001
40.0000 0.1002
0.1001 1.0000
0.1000 0.1000
50.0000 0.1002
0.1003 1.0000
0.0999 0.0999
60.0000 0.1002
0.1000 1.0000
0.1001 0.1001
70.0000 0.1002
0.0998 1.0000
0.1000 0.1000
80.0000 0.1002
0.1001 1.0000
0.1001 0.1001
90.0000 0.1002
0.0998 1.0000
0.0997 0.0997
100.0000 0.1002
0.1002 1.0000
0.0998 0.0998
110.0000 0.1002
0.1001 1.0000
0.1002 0.1002
120.0000 0.1002
0.0999 1.0000
0.1000 0.1000
130.0000 0.1002
0.0999 1.0000
0.1000 0.1000
140.0000 0.1002
0.1002 1.0000
0.1002 0.1002
150.0000 0.1002
0.1002 1.0000
0.1002 0.1002
160.0000 0.1002
0.1000 1.0000
0.1002 0.1002
170.0000 0.1002
0.0999 1.0000
0.1001 0.1001
180.0000 0.1002
0.0999 1.0000
0.1000 0.1000
190.0000 0.1002
0.1002 1.0000
0.1001 0.1001
200.0000 0.1002
0.1001 1.0000
0.1000 0.1000
210.0000 0.1002
0.1003 1.0000
0.0999 0.0999
220.0000 0.1002
0.1000 1.0000
0.1001 0.1001
230.0000 0.1002
0.0998 1.0000
0.1000 0.1000
240.0000 0.1002
0.1001 1.0000
0.1001 0.1001
250.0000 0.1002
0.0998 1.0000
0.0997 0.0997
260.0000 0.1002
0.1002 1.0000
0.0998 0.0998
270.0000 0.1002
0.1001 1.0000
0.1002 0.1002
280.0000 0.1002
0.0999 1.0000
0.1000 0.1000
290.0000 0.1002
0.0999 1.0000
0.1000 0.1000
300.0000 0.1002
0.1002 1.0000
0.1002 0.1002
310.0000 0.1002
0.1002 1.0000
0.1002 0.1002
320.0000 0.1002
0.1000 1.0000
0.1002 0.1002
330.0000 0.1002
0.0999 1.0000
0.1001 0.1001
340.0000 0.1002
0.0999 1.0000
0.1000 0.1000
350.0000 0.1002
0.1002 1.0000
0.1001 0.1001
360.0000 0.1002
0.1001 1.0000
0.1000 0.1000
370.0000 0.1002
0.1003 1.0000
0.0999 0.0999
380.0000 0.1002
0.1000 1.0000
0.1001 0.1001
390.0000 0.1002
0.0998 1.0000
0.1000 0.1000
400.0000 0.1002
0.1001 1.0000
0.1001 0.1001
410.0000 0.1002
0.0998 1.0000
0.0997 0.0997
420.0000 0.1002
0.1002 1.0000
0.0998 0.0998
430.0000 0.1002
0.1001 1.0000
0.1002 0.1002
440.0000 0.1002
0.0999 1.0000
0.1000 0.1000
450.0000 0.1002
0.0999 1.0000
0.1000 0.1000
460.0000 0.1002
0.1002 1.0000
0.1002 0.1002
470.0000 0.1002
0.1002 1.0000
0.1002 0.1002
480.0000 0.1002
0.1000 1.0000
0.1002 0.1002
490.0000 0.1002
0.0999 1.0000
0.1001 0.1001
500.0000 0.1002
0.0999 1.0000
0.1000 0.1000
510.0000 0.1002
0.1002 1.0000
0.1001 0.1001
520.0000 0.1002
0.1001 1.0000
0.1000 0.1000
530.0000 0.1002
0.1003 1.0000
0.0999 0.0999
540.0000 0.1002
0.1000 1.0000
0.1001 0.1001
550.0000 0.1002
0.0998 1.0000
0.1000 0.1000
560.0000 0.1002
0.1001 1.0000
0.1001 0.1001
570.0000 0.1002
0.0998 1.0000
0.0997 0.0997
580.0000 0.1002
0.1002 1.0000
0.0998 0.0998
590.0000 0.1002
0.1001 1.0000
0.1002 0.1002
600.0000 0.1002
0.0999 1.0000
0.1000 0.1000
610.0000 0.1002
0.0999 1.0000
0.1000 0.1000
620.0000 0.1002
0.1002 1.0000
0.1002 0.1002
630.0000 0.1002
0.1002 1.0000
0.1002 0.1002
640.0000 0.1002
0.1000 1.0000
0.1002 0.1002
650.0000 0.1002
0.0999 1.0000
0.1001 0.1001
660.0000 0.1002
0.0999 1.0000
0.1000 0.1000
670.0000 0.1002
0.1002 1.0000
0.1001 0.1001
680.0000 0.1002
0.1001 1.0000
0.1000 0.1000
690.0000 0.1002
0.1003 1.0000
0.0999 0.0999
700.0000 0.1002
0.1000 1.0000
0.1001 0.1001
710.0000 0.1002
0.0998 1.0000
0.1000 0.1000
720.0000 0.1002
0.1001 1.0000
0.1001 0.1001
730.0000 0.1002
0.0998 1.0000
0.0997 0.0997
740.0000 0.1002
0.1002 1.0000
0.0998 0.0998
750.0000 0.1002
0.1001 1.0000
0.1002 0.1002
760.0000 0.1002
0.0999 1.0000
0.1000 0.1000
770.0000 0.1002
0.0999 1.0000
0.1000 0.1000
780.0000 0.1002
0.1002 1.0000
0.1002 0.1002
790.0000 0.1002
0.1002 1.0000
0.1002 0.1002
800.0000 0.1002
0.1000 1.0000
0.1002 0.1002
810.0000 0.1002
0.0999 1.0000
0.1001 0.1001
820.0000 0.1002
0.0999 1.0000
0.1000 0.1000
830.0000 0.1002
0.1002 1.0000
0.1001 0.1001
840.0000 0.1002
0.1001 1.0000
0.1000 0.1000
850.0000 0.1002
0.1003 1.0000
0.0999 0.0999
860.0000 0.1002
0.1000 1.0000
0.1001 0.1001
870.0000 0.1002
0.0998 1.0000
0.1000 0.1000
880.0000 0.1002
0.1001 1.0000
0.1001 0.1001
890.0000 0.1002
0.0998 1.0000
0.0997 0.0997
900.0000 0.1002
0.1002 1.0000
0.0998 0.0998
910.0000 0.1002
0.1001 1.0000
0.1002 0.1002
920.0000 0.1002
0.0999 1.0000
0.1000 0.1000
930.0000 0.1002
0.0999 1.0000
0.1000 0.1000
940.0000 0.1002
0.1002 1.0000
0.1002 0.1002
950.0000 0.1002
0.1002 1.0000
0.1002 0.1002
960.0000 0.1002
0.1000 1.0000
0.1002 0.1002
970.0000 0.1002
0.0999 1.0000
0.1001 0.1001
980.0000 0.1002
0.0999 1.0000
0.1000 0.1000
990.0000 0.1002
0.1002 1.0000
0.1001 0.1001
1000.0000 0.1002
0.1001 1.0000
0.1000 0.1000
1010.0000 0.1002
0.1003 1.0000
0.0999 0.0999
1020.0000 0.1002
0.1000 1.0000
0.1001 0.1001
1030.0000 0.1002
0.0998 1.0000
0.1000 0.1000
1040.0000 0.1002
0.1001 1.0000
0.1001 0.1001
1050.0000 0.1002
0.0998 1.0000
0.0997 0.0997
1060.0000 0.1002
0.1002 1.0000
0.0998 0.0998
1070.0000 0.1002
0.1001 1.0000
0.1002 0.1002
1080.0000 0.1002
0.0999 1.0000
0.1000 0.1000
1090.0000 0.1002
0.0999 1.0000
0.1000 0.1000
1100.0000 0.1002
0.1002 1.0000
0.1002 0.1002
1110.0000 0.1002
0.1002 1.0000
0.1002 0.1002
1120.0000 0.1002
0.1000 1.0000
0.1002 0.1002
1130.0000 0.1002
0.0999 1.0000
0.1001 0.1001
1140.0000 0.1002
0.0999 1.0000
0.1000 0.1000
1150.0000 0.1002
0.1002 1.0000
0.1001 0.1001
1160.0000 0.1002
0.1001 1.0000
0.1000 0.1000
1170.0000 0.1002
0.1003 1.0000
0.0999 0.0999
1180.0000 0.1002
0.1000 1.0000
0.1001 0.1001
1190.0000 0.1002
0.0998 1.0000
0.1000 0.1000
1200.0000 0.1002
0.1001 1.0000
0.1001 0.1001
1210.0000 0.1002
0.0998 1.0000
0.0997 0.0997
1220.0000 0.1002
0.1002 1.0000
0.0998 0.0998
1230.0000 0.1002
0.1001 1.0000
0.1002 0.1002
1240.0000 0.1002
0.0999 1.0000
0.1000 0.1000
1250.0000 0.1002
0.0999 1.0000
0.1000 0.1000
1260.0000 0.1002
0.1002 1.0000
0.1002 0.1002
1270.0000 0.1002
0.1002 1.0000
0.1002 0.1002
1280.0000 0.1002
0.1000 1.0000
0.1002 0.1002
1290.0000 0.1002
0.0999 1.0000
0.1001 0.1001
1300.0000 0.1002
0.0999 1.0000
0.1000 0.1000
1310.0000 0.1002
0.1002 1.0000
0.1001 0.1001
1320.0000 0.1002
0.1001 1.0000
0.1000 0.1000
1330.0000 0.1002
0.1003 1.0000
0.0999 0.0999
1340.0000 0.1002
0.1000 1.0000
0.1001 0.1001
1350.0000 0.1002
0.0998 1.0000
0.1000 0.1000
1360.0000 0.1002
0.1001 1.0000
0.1001 0.1001
1370.0000 0.1002
0.0998 1.0000
0.0997 0.0997
1380.0000 0.1002
0.1002 1.0000
0.0998 0.0998
1390.0000 0.1002
0.1001 1.0000
0.1002 0.1002
1400.0000 0.1002
0.0999 1.0000
0.1000 0.1000
1410.0000 0.1002
0.0999 1.0000
0.1000 0.1000
1420.0000 0.1002
0.1002 1.0000
0.1002 0.1002
1430.0000 0.1002
0.1002 1.0000
0.1002 0.1002
1440.0000 0.1002
0.1000 1.0000
0.1002 0.1002
1450.0000 0.1002
0.0999 1.0000
0.1001 0.1001
1460.0000 0.1002
0.0999 1.0000
0.1000 0.1000
1470.0000 0.1002
0.1002 1.0000
0.1001 0.1001
1480.0000 0.1002
0.1001 1.0000
0.1000 0.1000
1490.0000 0.1002
0.1003 1.0000
0.0999 0.0999
1500.0000 0.1002
0.1000 1.0000
0.1001 0.1001
1510.0000 0.1002
0.0998 1.0000
0.1000 0.1000
1520.0000 0.1002
0.1001 1.0000
0.1001 0.1001
1530.0000 0.1002
0.0998 1.0000
0.0997 0.0997
1540.0000 0.1002
0.1002 1.0000
0.0998 0.0998
1550.0000 0.1002
0.1001 1.0000
0.1002 0.1002
1560.0000 0.1002
0.0999 1.0000
0.1000 0.1000
1570.0000 0.1002
0.0999 1.0000
0.1000 0.1000
1580.0000 0.1002
0.1002 1.0000
0.1002 0.1002
1590.0000 0.1002
0.1002 1.0000
0.1002 0.1002
1600.0000 0.1002
0.1000 1.0000
0.1002 0.1002
1610.0000 0.1002
0.0999 1.0000
0.1001 0.1001
1620.0000 0.1002
0.0999 1.0000
0.1000 0.1000
1630.0000 0.1002
0.1002 1.0000
0.1001 0.1001
1640.0000 0.1002
0.1001 1.0000
0.1000 0.1000
1650.0000 0.1002
0.1003 1.0000
0.0999 0.0999
1660.0000 0.1002
0.1000 1.0000
0.1001 0.1001
1670.0000 0.1002
0.0998 1.0000
0.1000 0.1000
1680.0000 0.1002
0.1001 1.0000
0.1001 0.1001
1690.0000 0.1002
0.0998 1.0000
0.0997 0.0997
1700.0000 0.1002
0.1002 1.0000
0.0998 0.0998
1710.0000 0.1002
0.1001 1.0000
0.1002 0.1002
1720.0000 0.1002
0.0999 1.0000
0.1000 0.1000
1730.0000 0.1002
0.0999 1.0000
0.1000 0.1000
1740.0000 0.1002
0.1002 1.0000
0.1002 0.1002
1750.0000 0.1002
0.1002 1.0000
0.1002 0.1002
1760.0000 0.1002
0.1000 1.0000
0.1002 0.1002
1770.0000 0.1002
0.0999 1.0000
0.1001 0.1001
1780.0000 0.1002
0.0999 1.0000
0.1000 0.1000
1790.0000 0.1002
0.1002 1.0000
0.1001 0.1001
1800.0000 0.1002
0.1001 1.0000
0.1000 0.1000
1810.0000 0.1002
0.1003 1.0000
0.0999 0.0999
1820.0000 0.1002
0.1000 1.0000
0.1001 0.1001
1830.0000 0.1002
0.0998 1.0000
0.1000 0.1000
1840.0000 0.1002
0.1001 1.0000
0.1001 0.1001
1850.0000 0.1002
0.0998 1.0000
0.0997 0.0997
1860.0000 0.1002
0.1002 1.0000
0.0998 0.0998
1870.0000 0.1002
0.1001 1.0000
0.1002 0.1002
1880.0000 0.1002
0.0999 1.0000
0.1000 0.1000
1890.0000 0.1002
0.0999 1.0000
0.1000 0.1000
1900.0000 0.1002
0.1002 1.0000
0.1002 0.1002
1910.0000 0.1002
0.1002 1.0000
0.1002 0.1002
1920.0000 0.1002
0.1000 1.0000
0.1002 0.1002
1930.0000 0.1002
0.0999 1.0000
0.1001 0.1001
1940.0000 0.1002
0.0999 1.0000
0.1000 0.1000
1950.0000 0.1002
0.1002 1.0000
0.1001 0.1001
1960.0000 0.1002
0.1001 1.0000
0.1000 0.1000
1970.0000 0.1002
0.1003 1.0000
0.0999 0.0999
1980.0000 0.1002
0.1000 1.0000
0.1001 0.1001
1990.0000 0.1002
0.0998 1.0000
0.1000 0.1000
2000.0000 0.1002
0.1001 1.0000
0.1001 0.1001
2010.0000 0.1002
0.0998 1.0000
0.0997 0.0997
2020.0000 0.1002
0.1002 1.0000
0.0998 0.0998
2030.0000 0.1002
0.1001 1.0000
0.1002 0.1002
2040.0000 0.1002
0.0999 1.0000
0.1000 0.1000
2050.0000 0.1002
0.0999 1.0000
0.1000 0.1000
2060.0000 0.1002
0.1002 1.0000
0.1002 0.1002
2070.0000 0.1002
0.1002 1.0000
0.1002 0.1002
2080.0000 0.1002
0.1000 1.0000
0.1002 0.1002
2090.0000 0.1002
0.0999 1.0000
0.1001 0.1001
2100.0000 0.1002
0.0999 1.0000
0.1000 0.1000
2110.0000 0.1002
0.1002 1.0000
0.1001 0.1001
2120.0000 0.1002
0.1001 1.0000
0.1000 0.1000
2130.0000 0.1002
0.1003 1.0000
0.0999 0.0999
2140.0000 0.1002
0.1000 1.0000
0.1001 0.1001
2150.0000 0.1002
0.0998 1.0000
0.1000 0.1000
2160.0000 0.1002
0.1001 1.0000
0.1001 0.1001
2170.0000 0.1002
0.0998 1.0000
0.0997 0.0997
2180.0000 0.1002
0.1002 1.0000
0.0998 0.0998
2190.0000 0.1002
0.1001 1.0000
0.1002 0.1002
2200.0000 0.1002
0.0999 1.0000
0.1000 0.1000
2210.0000 0.1002
0.0999 1.0000
0.1000 0.1000
2220.0000 0.1002
0.1002 1.0000
0.1002 0.1002
2230.0000 0.1002
0.1002 1.0000
0.1002 0.1002
2240.0000 0.1002
0.1000 1.0000
0.1002 0.1002
2250.0000 0.1002
0.0999 1.0000
0.1001 0.1001
2260.0000 0.1002
0.0999 1.0000
0.1000 0.1000
2270.0000 0.1002
0.1002 1.0000
0.1001 0.1001
2280.0000 0.1002
0.1001 1.0000
0.1000 0.1000
2290.0000 0.1002
0.1003 1.0000
0.0999 0.0999
2300.0000 0.1002
0.1000 1.0000
0.1001 0.1001
2310.0000 0.1002
0.0998 1.0000
0.1000 0.1000
2320.0000 0.1002
0.1001 1.0000
0.1001 0.1001
2330.0000 0.1002
0.0998 1.0000
0.0997 0.0997
2340.0000 0.1002
0.1002 1.0000
0.0998 0.0998
2350.0000 0.1002
0.1001 1.0000
0.1002 0.1002
2360.0000 0.1002
0.0999 1.0000
0.1000 0.1000
2370.0000 0.1002
0.0999 1.0000
0.1000 0.1000
2380.0000 0.1002
0.1002 1.0000
0.1002 0.1002
2390.0000 0.1002
0.1002 1.0000
0.1002 0.1002
2400.0000 0.1002
0.1000 1.0000
0.1002 0.1002
2410.0000 0.1002
0.0999 1.0000
0.1001 0.1001
2420.0000 0.1002
0.0999 1.0000
0.1000 0.1000
2430.0000 0.1002
0.1002 1.0000
0.1001 0.1001
2440.0000 0.1002
0.1001 1.0000
0.1000 0.1000
2450.0000 0.1002
0.1003 1.0000
0.0999 0.0999
2460.0000 0.1002
0.1000 1.0000
0.1001 0.1001
2470.0000 0.1002
0.0998 1.0000
0.1000 0.1000
2480.0000 0.1002
0.1001 1.0000
0.1001 0.1001
2490.0000 0.1002
0.0998 1.0000
0.0997 0.0997
2500.0000 0.1002
0.1002 1.0000
0.0998 0.0998
2510.0000 0.1002
0.1001 1.0000
0.1002 0.1002
2520.0000 0.1002
0.0999 1.0000
0.1000 0.1000
2530.0000 0.1002
0.0999 1.0000
0.1000 0.1000
2540.0000 0.1002
0.1002 1.0000
0.1002 0.1002
2550.0000 0.1002
0.1002 1.0000
0.1002 0.1002
2560.0000 0.1002
0.1000 1.0000
0.1002 0.1002
2570.0000 0.1002
0.0999 1.0000
0.1001 0.1001
2580.0000 0.1002
0.0999 1.0000
0.1000 0.1000
2590.0000 0.1002
0.1002 1.0000
0.1001 0.1001
2600.0000 0.1002
0.1001 1.0000
0.1000 0.1000
2610.0000 0.1002
0.1003 1.0000
0.0999 0.0999
2620.0000 0.1002
0.1000 1.0000
0.1001 0.1001
2630.0000 0.1002
0.0998 1.0000
0.1000 0.1000
2640.0000 0.1002
0.1001 1.0000
0.1001 0.1001
2650.0000 0.1002
0.0998 1.0000
0.0997 0.0997
2660.0000 0.1002
0.1002 1.0000
0.0998 0.0998
2670.0000 0.1002
0.1001 1.0000
0.1002 0.1002
2680.0000 0.1002
0.0999 1.0000
0.1000 0.1000
2690.0000 0.1002
0.0999 1.0000
0.1000 0.1000
2700.0000 0.1002
0.1002 1.0000
0.1002 0.1002
2710.0000 0.1002
0.1002 1.0000
0.1002 0.1002
2720.0000 0.1002
0.1000 1.0000
0.1002 0.1002
2730.0000 0.1002
0.0999 1.0000
0.1001 0.1001
2740.0000 0.1002
0.0999 1.0000
0.1000 0.1000
2750.0000 0.1002
0.1002 1.0000
0.1001 0.1001
2760.0000 0.1002
0.1001 1.0000
0.1000 0.1000
2770.0000 0.1002
0.1003 1.0000
0.0999 0.0999
2780.0000 0.1002
0.1000 1.0000
0.1001 0.1001
2790.0000 0.1002
0.0998 1.0000
0.1000 0.1000
2800.0000 0.1002
0.1001 1.0000
0.1001 0.1001
2810.0000 0.1002
0.0998 1.0000
0.0997 0.0997
2820.0000 0.1002
0.1002 1.0000
0.0998 0.0998
2830.0000 0.1002
0.1001 1.0000
0.1002 0.1002
2840.0000 0.1002
0.0999 1.0000
0.1000 0.1000
2850.0000 0.1002
0.0999 1.0000
0.1000 0.1000
2860.0000 0.1002
0.1002 1.0000
0.1002 0.1002
2870.0000 0.1002
0.1002 1.0000
0.1002 0.1002
2880.0000 0.1002
0.1000 1.0000
0.1002 0.1002
2890.0000 0.1002
0.0999 1.0000
0.1001 0.1001
2900.0000 0.1002
0.0999 1.0000
0.1000 0.1000
2910.0000 0.1002
0.1002 1.0000
0.1001 0.1001
2920.0000 0.1002
0.1001 1.0000
0.1000 0.1000
2930.0000 0.1002
0.1003 1.0000
0.0999 0.0999
2940.0000 0.1002
0.1000 1.0000
0.1001 0.1001
2950.0000 0.1002
0.0998 1.0000
0.1000 0.1000
2960.0000 0.1002
0.1001 1.0000
0.1001 0.1001
2970.0000 0.1002
0.0998 1.0000
0.0997 0.0997
2980.0000 0.1002
0.1002 1.0000
0.0998 0.0998
2990.0000 0.1002
0.1001 1.0000
0.1002 0.1002
3000.0000 0.1002
0.0999 1.0000
0.1000 0.1000
3010.0000 0.1002
0.0999 1.0000
0.1000 0.1000
3020.0000 0.1002
0.1002 1.0000
0.1002 0.1002
