0.0000 0.2262
0.1239 0.9912
0.1025 0.1025
10.0000 0.8716
0.1330 0.0000
0.0959 0.0959
20.0000 0.9446
0.1335 0.0077
0.5423 0.5423
30.0000 0.9542
0.1223 0.0001
0.4061 0.4061
40.0000 0.9636
0.1355 0.0547
0.6759 0.6759
50.0000 0.9664
0.1275 0.0764
0.7307 0.7307
60.0000 0.9706
0.1629 0.0361
0.6983 0.6983
70.0000 0.9670
0.1263 0.1983
0.5825 0.5825
80.0000 0.9714
0.1297 0.0967
0.6724 0.6724
90.0000 0.9724
0.1308 0.0734
0.7478 0.7478
100.0000 0.9720
0.1395 0.1690
0.6034 0.6034
110.0000 0.9732
0.1352 0.0522
0.7234 0.7234
120.0000 0.9740
0.1377 0.1678
0.6874 0.6874
130.0000 0.9739
0.1420 0.0278
0.7147 0.7147
140.0000 0.9726
0.1508 0.0225
0.6920 0.6920
150.0000 0.9741
0.1265 0.0889
0.7612 0.7612
160.0000 0.9746
0.1347 0.0461
0.7591 0.7591
170.0000 0.9754
0.1416 0.0267
0.7032 0.7032
180.0000 0.9743
0.1491 0.0642
0.7789 0.7789
190.0000 0.9746
0.1374 0.0254
0.7618 0.7618
200.0000 0.9743
0.1282 0.0522
0.7667 0.7667
210.0000 0.9747
0.1370 0.0565
0.7702 0.7702
220.0000 0.9750
0.1352 0.0391
0.7262 0.7262
230.0000 0.9748
0.1454 0.0264
0.7237 0.7237
240.0000 0.9757
0.1413 0.0619
0.7648 0.7648
250.0000 0.9751
0.1451 0.0617
0.7672 0.7672
260.0000 0.9748
0.1407 0.0729
0.7078 0.7078
270.0000 0.9748
0.1449 0.1495
0.7220 0.7220
280.0000 0.9751
0.1437 0.0411
0.7710 0.7710
290.0000 0.9750
0.1479 0.0345
0.7955 0.7955
300.0000 0.9742
0.1440 0.0464
0.7836 0.7836
310.0000 0.9755
0.1437 0.0694
0.7979 0.7979
320.0000 0.9754
0.1333 0.0501
0.7549 0.7549
330.0000 0.9749
0.1482 0.0757
0.7646 0.7646
340.0000 0.9751
0.1485 0.1565
0.7179 0.7179
350.0000 0.9755
0.1401 0.0789
0.7913 0.7913
360.0000 0.9747
0.1344 0.0517
0.8053 0.8053
370.0000 0.9742
0.1271 0.0256
0.7744 0.7744
380.0000 0.9749
0.1384 0.0314
0.8055 0.8055
390.0000 0.9750
0.1372 0.0600
0.7936 0.7936
400.0000 0.9751
0.1306 0.0785
0.7534 0.7534
410.0000 0.9750
0.1296 0.0673
0.7983 0.7983
420.0000 0.9753
0.1385 0.1382
0.7274 0.7274
430.0000 0.9751
0.1368 0.0640
0.7302 0.7302
440.0000 0.9750
0.1340 0.0706
0.7557 0.7557
450.0000 0.9750
0.1433 0.0619
0.7912 0.7912
460.0000 0.9750
0.1385 0.0749
0.7966 0.7966
470.0000 0.9757
0.1252 0.0519
0.7969 0.7969
480.0000 0.9754
0.1389 0.0651
0.7917 0.7917
490.0000 0.9746
0.1280 0.0377
0.7975 0.7975
500.0000 0.9747
0.1366 0.0240
0.7927 0.7927
510.0000 0.9754
0.1372 0.0221
0.7678 0.7678
520.0000 0.9746
0.1329 0.0691
0.7777 0.7777
530.0000 0.9745
0.1342 0.0988
0.7859 0.7859
540.0000 0.9746
0.1542 0.0648
0.7238 0.7238
550.0000 0.9748
0.1324 0.0644
0.8024 0.8024
560.0000 0.9727
0.1610 0.0540
0.7848 0.7848
570.0000 0.9765
0.1828 0.0407
0.7815 0.7815
580.0000 0.9753
0.1930 0.0932
0.7263 0.7263
590.0000 0.9757
0.1934 0.2290
0.6682 0.6682
600.0000 0.9740
0.2048 0.0753
0.7369 0.7369
610.0000 0.9751
0.1908 0.0664
0.7602 0.7602
620.0000 0.9743
0.2039 0.1103
0.7354 0.7354
630.0000 0.9748
0.1898 0.0878
0.7812 0.7812
640.0000 0.9741
0.2020 0.0748
0.6920 0.6920
650.0000 0.9751
0.1953 0.0627
0.8098 0.8098
660.0000 0.9741
0.1931 0.0721
0.8134 0.8134
670.0000 0.9729
0.2036 0.0691
0.7404 0.7404
680.0000 0.9742
0.1986 0.0536
0.8188 0.8188
690.0000 0.9746
0.1840 0.0040
0.7310 0.7310
700.0000 0.9742
0.1951 0.0029
0.7793 0.7793
710.0000 0.9740
0.2173 0.0175
0.7569 0.7569
720.0000 0.9733
0.2077 0.0608
0.8140 0.8140
730.0000 0.9754
0.2087 0.0827
0.7507 0.7507
740.0000 0.9747
0.2057 0.0752
0.7990 0.7990
750.0000 0.9755
0.1992 0.0642
0.7472 0.7472
760.0000 0.9745
0.1981 0.0349
0.8227 0.8227
770.0000 0.9751
0.2043 0.0552
0.8242 0.8242
780.0000 0.9741
0.1911 0.0583
0.8252 0.8252
790.0000 0.9742
0.1891 0.0041
0.7737 0.7737
800.0000 0.9743
0.1969 0.0250
0.7209 0.7209
810.0000 0.9745
0.1945 0.0365
0.8172 0.8172
820.0000 0.9748
0.2010 0.0551
0.8129 0.8129
830.0000 0.9741
0.1946 0.2280
0.5722 0.5722
840.0000 0.9734
0.1957 0.0564
0.8112 0.8112
850.0000 0.9741
0.1926 0.0110
0.7665 0.7665
860.0000 0.9745
0.1946 0.1955
0.7502 0.7502
870.0000 0.9737
0.1958 0.0504
0.7632 0.7632
880.0000 0.9745
0.1910 0.1586
0.7444 0.7444
890.0000 0.9728
0.2025 0.0532
0.7819 0.7819
900.0000 0.9745
0.1906 0.0021
0.7088 0.7088
910.0000 0.9746
0.1853 0.0382
0.8163 0.8163
920.0000 0.9740
0.1839 0.0453
0.8291 0.8291
930.0000 0.9749
0.1874 0.0204
0.8079 0.8079
940.0000 0.9739
0.1956 0.0761
0.7991 0.7991
950.0000 0.9741
0.1862 0.1540
0.7229 0.7229
960.0000 0.9743
0.1898 0.0351
0.8169 0.8169
970.0000 0.9754
0.1890 0.0608
0.8186 0.8186
980.0000 0.9747
0.1764 0.0447
0.7957 0.7957
990.0000 0.9728
0.1409 0.0621
0.5947 0.5947
1000.0000 0.9744
0.1695 0.0330
0.8232 0.8232
1010.0000 0.9755
0.1888 0.0066
0.7818 0.7818
1020.0000 0.9756
0.1842 0.0017
0.7641 0.7641
1030.0000 0.9743
0.1930 0.0899
0.7461 0.7461
1040.0000 0.9739
0.1793 0.0516
0.8296 0.8296
1050.0000 0.9752
0.1892 0.0510
0.8330 0.8330
1060.0000 0.9751
0.1967 0.0575
0.8092 0.8092
1070.0000 0.9719
0.1832 0.0383
0.6886 0.6886
1080.0000 0.9750
0.1851 0.0264
0.8310 0.8310
1090.0000 0.9748
0.1844 0.0493
0.7911 0.7911
1100.0000 0.9744
0.1565 0.0692
0.8157 0.8157
1110.0000 0.9741
0.1806 0.0767
0.7977 0.7977
1120.0000 0.9744
0.1680 0.0549
0.7987 0.7987
1130.0000 0.9744
0.1773 0.1547
0.7314 0.7314
1140.0000 0.9738
0.1529 0.0316
0.8056 0.8056
1150.0000 0.9752
0.1602 0.0294
0.8318 0.8318
1160.0000 0.9749
0.1694 0.0398
0.8316 0.8316
1170.0000 0.9755
0.1526 0.0468
0.8169 0.8169
1180.0000 0.9706
0.1338 0.0687
0.7215 0.7215
1190.0000 0.9746
0.1440 0.0617
0.7928 0.7928
1200.0000 0.9745
0.1397 0.0494
0.8329 0.8329
1210.0000 0.9756
0.1443 0.0592
0.8128 0.8128
1220.0000 0.9757
0.1407 0.0870
0.8187 0.8187
1230.0000 0.9747
0.1438 0.0435
0.7749 0.7749
1240.0000 0.9752
0.1289 0.0781
0.7680 0.7680
1250.0000 0.9744
0.1247 0.0770
0.7477 0.7477
1260.0000 0.9744
0.1265 0.0851
0.8093 0.8093
1270.0000 0.9752
0.1419 0.0603
0.8089 0.8089
1280.0000 0.9750
0.1473 0.0546
0.8324 0.8324
1290.0000 0.9751
0.1579 0.0700
0.8023 0.8023
1300.0000 0.9755
0.1254 0.0522
0.8365 0.8365
1310.0000 0.9727
0.1409 0.0110
0.7508 0.7508
1320.0000 0.9731
0.1306 0.0871
0.7746 0.7746
1330.0000 0.9752
0.1329 0.0620
0.7753 0.7753
1340.0000 0.9743
0.1440 0.0612
0.8109 0.8109
1350.0000 0.9752
0.1315 0.1034
0.8095 0.8095
1360.0000 0.9753
0.1531 0.0534
0.8403 0.8403
1370.0000 0.9722
0.1715 0.0538
0.7764 0.7764
1380.0000 0.9738
0.1413 0.0103
0.7941 0.7941
1390.0000 0.9747
0.1438 0.0360
0.8315 0.8315
1400.0000 0.9730
0.1507 0.0024
0.7953 0.7953
1410.0000 0.9739
0.1379 0.0274
0.8417 0.8417
1420.0000 0.9736
0.1548 0.0696
0.8229 0.8229
1430.0000 0.9737
0.1473 0.1066
0.7864 0.7864
1440.0000 0.9732
0.1739 0.0451
0.8123 0.8123
1450.0000 0.9743
0.1476 0.0718
0.7695 0.7695
1460.0000 0.9737
0.1485 0.0785
0.8305 0.8305
1470.0000 0.9725
0.1520 0.0751
0.7459 0.7459
1480.0000 0.9732
0.1511 0.0069
0.7362 0.7362
1490.0000 0.9738
0.1403 0.0298
0.8234 0.8234
1500.0000 0.9745
0.1502 0.0341
0.8202 0.8202
1510.0000 0.9733
0.1478 0.0440
0.8318 0.8318
1520.0000 0.9731
0.1281 0.0501
0.8133 0.8133
1530.0000 0.9733
0.1304 0.0412
0.8358 0.8358
1540.0000 0.9731
0.1573 0.0017
0.7462 0.7462
1550.0000 0.9727
0.1354 0.0637
0.8246 0.8246
1560.0000 0.9730
0.1359 0.0000
0.7304 0.7304
1570.0000 0.9745
0.1402 0.0849
0.8071 0.8071
1580.0000 0.9730
0.1459 0.1085
0.8029 0.8029
1590.0000 0.9724
0.1286 0.0647
0.8385 0.8385
1600.0000 0.9723
0.1511 0.0993
0.7868 0.7868
1610.0000 0.9742
0.1565 0.0904
0.8030 0.8030
1620.0000 0.9739
0.1301 0.0993
0.7980 0.7980
1630.0000 0.9740
0.1330 0.0610
0.8228 0.8228
1640.0000 0.9732
0.1518 0.0750
0.8241 0.8241
1650.0000 0.9754
0.1575 0.0784
0.8159 0.8159
1660.0000 0.9740
0.1387 0.0751
0.8001 0.8001
1670.0000 0.9736
0.1869 0.0460
0.7058 0.7058
1680.0000 0.9732
0.1294 0.0493
0.8304 0.8304
1690.0000 0.9703
0.1736 0.0096
0.6932 0.6932
1700.0000 0.9727
0.1582 0.0334
0.8240 0.8240
1710.0000 0.9744
0.1280 0.0265
0.8119 0.8119
1720.0000 0.9736
0.1693 0.0877
0.7735 0.7735
1730.0000 0.9728
0.1529 0.1044
0.7878 0.7878
1740.0000 0.9734
0.1405 0.1038
0.8144 0.8144
1750.0000 0.9726
0.1536 0.0733
0.7979 0.7979
1760.0000 0.9733
0.2002 0.0764
0.8101 0.8101
1770.0000 0.9736
0.1484 0.0017
0.7454 0.7454
1780.0000 0.9737
0.1609 0.0408
0.8068 0.8068
1790.0000 0.9736
0.1547 0.0255
0.8222 0.8222
1800.0000 0.9735
0.1540 0.0275
0.8142 0.8142
1810.0000 0.9728
0.1575 0.0007
0.7168 0.7168
1820.0000 0.9734
0.1252 0.0207
0.8384 0.8384
1830.0000 0.9715
0.1367 0.1146
0.7598 0.7598
1840.0000 0.9736
0.1520 0.1846
0.7474 0.7474
1850.0000 0.9743
0.1506 0.0887
0.7269 0.7269
1860.0000 0.9735
0.1175 0.0619
0.7958 0.7958
1870.0000 0.9736
0.1308 0.1596
0.7875 0.7875
1880.0000 0.9735
0.1288 0.2067
0.7596 0.7596
1890.0000 0.9735
0.1135 0.0901
0.8125 0.8125
1900.0000 0.9720
0.1150 0.0863
0.7922 0.7922
1910.0000 0.9735
0.1089 0.0447
0.8353 0.8353
1920.0000 0.9722
0.1169 0.0010
0.7466 0.7466
1930.0000 0.9725
0.1118 0.0069
0.8053 0.8053
1940.0000 0.9733
0.1343 0.1175
0.7786 0.7786
1950.0000 0.9728
0.1100 0.0825
0.8124 0.8124
1960.0000 0.9729
0.1208 0.1091
0.8101 0.8101
1970.0000 0.9727
0.1175 0.0447
0.8313 0.8313
1980.0000 0.9740
0.1214 0.0255
0.7701 0.7701
1990.0000 0.9719
0.1092 0.0042
0.7631 0.7631
2000.0000 0.9721
0.1010 0.0068
0.7736 0.7736
2010.0000 0.9725
0.1114 0.0075
0.7815 0.7815
2020.0000 0.9722
0.1017 0.0078
0.7686 0.7686
2030.0000 0.9721
0.1206 0.0532
0.7717 0.7717
2040.0000 0.9730
0.1039 0.0056
0.7599 0.7599
2050.0000 0.9724
0.1111 0.1586
0.7602 0.7602
2060.0000 0.9725
0.1224 0.2116
0.7613 0.7613
2070.0000 0.9734
0.1294 0.1026
0.8171 0.8171
2080.0000 0.9731
0.1161 0.1072
0.7526 0.7526
2090.0000 0.9726
0.1126 0.1630
0.8181 0.8181
2100.0000 0.9732
0.1303 0.1006
0.8255 0.8255
2110.0000 0.9726
0.1131 0.1251
0.8079 0.8079
2120.0000 0.9717
0.1222 0.2974
0.7368 0.7368
2130.0000 0.9723
0.1096 0.0537
0.7864 0.7864
2140.0000 0.9734
0.1090 0.0708
0.8403 0.8403
2150.0000 0.9709
0.1347 0.0159
0.8148 0.8148
2160.0000 0.9713
0.1125 0.0204
0.7527 0.7527
2170.0000 0.9733
0.1364 0.1034
0.8379 0.8379
2180.0000 0.9729
0.1220 0.2590
0.7172 0.7172
2190.0000 0.9714
0.1300 0.1139
0.8214 0.8214
2200.0000 0.9751
0.1150 0.1850
0.7886 0.7886
2210.0000 0.9736
0.1103 0.1398
0.7939 0.7939
2220.0000 0.9724
0.1129 0.2718
0.7540 0.7540
2230.0000 0.9727
0.1224 0.2573
0.7846 0.7846
2240.0000 0.9692
0.1362 0.1312
0.6897 0.6897
2250.0000 0.9721
0.1132 0.2011
0.6907 0.6907
2260.0000 0.9729
0.1248 0.2300
0.8221 0.8221
2270.0000 0.9720
0.1222 0.1416
0.7682 0.7682
2280.0000 0.9726
0.1456 0.2463
0.7867 0.7867
2290.0000 0.9731
0.1452 0.2788
0.8150 0.8150
2300.0000 0.9722
0.1261 0.2695
0.8022 0.8022
2310.0000 0.9738
0.1502 0.1501
0.7987 0.7987
2320.0000 0.9734
0.1269 0.2610
0.7582 0.7582
2330.0000 0.9720
0.1501 0.2342
0.7835 0.7835
2340.0000 0.9719
0.1578 0.3612
0.7902 0.7902
2350.0000 0.9718
0.1325 0.3581
0.7649 0.7649
2360.0000 0.9704
0.1433 0.4075
0.6414 0.6414
2370.0000 0.9731
0.1402 0.3611
0.8190 0.8190
2380.0000 0.9720
0.1429 0.4897
0.7786 0.7786
2390.0000 0.9717
0.1385 0.2176
0.7567 0.7567
2400.0000 0.9722
0.1317 0.1283
0.8320 0.8320
2410.0000 0.9709
0.1393 0.1669
0.7997 0.7997
2420.0000 0.9716
0.1526 0.3206
0.8392 0.8392
2430.0000 0.9715
0.1573 0.2816
0.7874 0.7874
2440.0000 0.9714
0.1431 0.1580
0.8108 0.8108
2450.0000 0.9722
0.1602 0.4771
0.8254 0.8254
2460.0000 0.9723
0.1458 0.2780
0.7883 0.7883
2470.0000 0.9719
0.1534 0.1209
0.8066 0.8066
2480.0000 0.9713
0.1737 0.3672
0.7294 0.7294
2490.0000 0.9720
0.1212 0.3344
0.7580 0.7580
2500.0000 0.9719
0.1460 0.1340
0.7855 0.7855
2510.0000 0.9716
0.1411 0.1424
0.8265 0.8265
2520.0000 0.9718
0.1328 0.0869
0.7863 0.7863
2530.0000 0.9718
0.1379 0.1290
0.8074 0.8074
2540.0000 0.9711
0.1377 0.1712
0.8244 0.8244
2550.0000 0.9711
0.1452 0.5228
0.7867 0.7867
2560.0000 0.9724
0.1471 0.5910
0.8147 0.8147
2570.0000 0.9708
0.1495 0.6947
0.7437 0.7437
2580.0000 0.9715
0.1345 0.6973
0.7934 0.7934
2590.0000 0.9721
0.1278 0.1950
0.8091 0.8091
2600.0000 0.9716
0.1522 0.6126
0.7773 0.7773
2610.0000 0.9721
0.1245 0.5686
0.7986 0.7986
2620.0000 0.9696
0.1412 0.5240
0.7880 0.7880
2630.0000 0.9709
0.1400 0.8153
0.7579 0.7579
2640.0000 0.9709
0.1279 0.6046
0.7623 0.7623
