0.0000 0.4105
0.1308 0.9454
0.1304 0.1304
10.0000 0.9386
0.1105 0.1872
0.3104 0.3104
20.0000 0.9567
0.1310 0.0000
0.5936 0.5936
30.0000 0.9656
0.1090 0.1330
0.7010 0.7010
40.0000 0.9678
0.1154 0.0870
0.6249 0.6249
50.0000 0.9695
0.1175 0.0991
0.6909 0.6909
60.0000 0.9709
0.1099 0.0575
0.6139 0.6139
70.0000 0.9712
0.1147 0.0926
0.7019 0.7019
80.0000 0.9705
0.1184 0.1557
0.6520 0.6520
90.0000 0.9713
0.1120 0.1135
0.6922 0.6922
100.0000 0.9724
0.1158 0.0595
0.7267 0.7267
110.0000 0.9692
0.1180 0.1308
0.5820 0.5820
120.0000 0.9720
0.1164 0.0357
0.6864 0.6864
130.0000 0.9736
0.1117 0.0024
0.7156 0.7156
140.0000 0.9726
0.1010 0.0548
0.7336 0.7336
150.0000 0.9726
0.1118 0.0609
0.7632 0.7632
160.0000 0.9724
0.1206 0.1113
0.7271 0.7271
170.0000 0.9722
0.1064 0.0496
0.7522 0.7522
180.0000 0.9716
0.1337 0.0148
0.6687 0.6687
190.0000 0.9729
0.1140 0.0309
0.7835 0.7835
200.0000 0.9728
0.1093 0.0676
0.7319 0.7319
210.0000 0.9730
0.1001 0.0584
0.7890 0.7890
220.0000 0.9723
0.1293 0.0598
0.7259 0.7259
230.0000 0.9721
0.1235 0.0454
0.7500 0.7500
240.0000 0.9742
0.1303 0.0317
0.7777 0.7777
250.0000 0.9730
0.1237 0.0446
0.7843 0.7843
260.0000 0.9733
0.1360 0.0370
0.7137 0.7137
270.0000 0.9733
0.1385 0.0646
0.7737 0.7737
280.0000 0.9697
0.1641 0.0570
0.6823 0.6823
290.0000 0.9743
0.1114 0.0226
0.7553 0.7553
300.0000 0.9737
0.1078 0.0395
0.7793 0.7793
310.0000 0.9739
0.1510 0.0747
0.7608 0.7608
320.0000 0.9741
0.1260 0.0555
0.8017 0.8017
330.0000 0.9736
0.1262 0.0076
0.7253 0.7253
340.0000 0.9736
0.1640 0.0210
0.6946 0.6946
350.0000 0.9746
0.1531 0.0829
0.7674 0.7674
360.0000 0.9742
0.1425 0.0489
0.8112 0.8112
370.0000 0.9739
0.1381 0.0265
0.7771 0.7771
380.0000 0.9744
0.1667 0.0207
0.7376 0.7376
390.0000 0.9750
0.1458 0.0463
0.7985 0.7985
400.0000 0.9750
0.1589 0.0903
0.7571 0.7571
410.0000 0.9742
0.1584 0.0573
0.7629 0.7629
420.0000 0.9741
0.1719 0.0841
0.7219 0.7219
430.0000 0.9754
0.1544 0.0407
0.8056 0.8056
440.0000 0.9753
0.1545 0.0627
0.8128 0.8128
450.0000 0.9741
0.1635 0.0433
0.6798 0.6798
460.0000 0.9748
0.1518 0.0575
0.8194 0.8194
470.0000 0.9748
0.1605 0.0532
0.8128 0.8128
480.0000 0.9744
0.1669 0.1342
0.7277 0.7277
490.0000 0.9739
0.1662 0.0991
0.7373 0.7373
500.0000 0.9749
0.1586 0.0277
0.8128 0.8128
510.0000 0.9742
0.1733 0.0450
0.7406 0.7406
520.0000 0.9746
0.1589 0.0535
0.8198 0.8198
530.0000 0.9733
0.1856 0.0644
0.7714 0.7714
540.0000 0.9720
0.1891 0.0345
0.7815 0.7815
550.0000 0.9745
0.1753 0.0851
0.7272 0.7272
560.0000 0.9747
0.1596 0.0854
0.7876 0.7876
570.0000 0.9741
0.1635 0.2650
0.6414 0.6414
580.0000 0.9756
0.1668 0.0144
0.7393 0.7393
590.0000 0.9755
0.1713 0.0219
0.7479 0.7479
600.0000 0.9742
0.1624 0.0938
0.7746 0.7746
610.0000 0.9736
0.1696 0.0533
0.8057 0.8057
620.0000 0.9737
0.1621 0.0148
0.7856 0.7856
630.0000 0.9740
0.1644 0.0043
0.7507 0.7507
640.0000 0.9749
0.1676 0.0362
0.7374 0.7374
650.0000 0.9746
0.1669 0.0397
0.8179 0.8179
660.0000 0.9747
0.1646 0.0357
0.7824 0.7824
670.0000 0.9758
0.1793 0.0851
0.7425 0.7425
680.0000 0.9754
0.1701 0.1500
0.6893 0.6893
690.0000 0.9750
0.1792 0.0378
0.8121 0.8121
700.0000 0.9752
0.1649 0.0652
0.8002 0.8002
710.0000 0.9747
0.1719 0.0841
0.7408 0.7408
720.0000 0.9754
0.1696 0.0973
0.7856 0.7856
730.0000 0.9746
0.1786 0.1406
0.7131 0.7131
740.0000 0.9759
0.1895 0.0835
0.7844 0.7844
750.0000 0.9751
0.1742 0.0836
0.7974 0.7974
760.0000 0.9751
0.1677 0.0876
0.8060 0.8060
770.0000 0.9755
0.1656 0.0598
0.8007 0.8007
780.0000 0.9751
0.1626 0.1044
0.7918 0.7918
790.0000 0.9749
0.1584 0.0364
0.7856 0.7856
800.0000 0.9753
0.1608 0.1115
0.6665 0.6665
810.0000 0.9749
0.1672 0.0497
0.8219 0.8219
820.0000 0.9745
0.1852 0.0435
0.7919 0.7919
830.0000 0.9756
0.1707 0.0276
0.8312 0.8312
840.0000 0.9744
0.1588 0.0387
0.7542 0.7542
850.0000 0.9753
0.1625 0.0555
0.8191 0.8191
860.0000 0.9740
0.1535 0.1143
0.7640 0.7640
870.0000 0.9743
0.1560 0.0663
0.8151 0.8151
880.0000 0.9744
0.1503 0.1152
0.7555 0.7555
890.0000 0.9746
0.1456 0.0250
0.8084 0.8084
900.0000 0.9738
0.1356 0.0161
0.8121 0.8121
910.0000 0.9747
0.1486 0.0309
0.7759 0.7759
920.0000 0.9739
0.1503 0.0382
0.7675 0.7675
930.0000 0.9746
0.1302 0.0398
0.8170 0.8170
940.0000 0.9734
0.1110 0.0248
0.8321 0.8321
950.0000 0.9750
0.1222 0.0186
0.8166 0.8166
960.0000 0.9742
0.1057 0.1015
0.7876 0.7876
970.0000 0.9756
0.1144 0.0477
0.8268 0.8268
980.0000 0.9741
0.1129 0.0411
0.7874 0.7874
990.0000 0.9753
0.1206 0.0268
0.8165 0.8165
1000.0000 0.9741
0.1721 0.0830
0.7736 0.7736
1010.0000 0.9759
0.1639 0.0656
0.8001 0.8001
1020.0000 0.9747
0.1548 0.0401
0.8143 0.8143
1030.0000 0.9756
0.1269 0.0270
0.8411 0.8411
1040.0000 0.9745
0.1235 0.0479
0.8210 0.8210
1050.0000 0.9751
0.1049 0.0051
0.7632 0.7632
1060.0000 0.9746
0.1410 0.0025
0.7566 0.7566
1070.0000 0.9745
0.1688 0.1709
0.7215 0.7215
1080.0000 0.9752
0.1601 0.0952
0.7772 0.7772
1090.0000 0.9738
0.1777 0.0530
0.8118 0.8118
1100.0000 0.9744
0.1360 0.0595
0.7597 0.7597
1110.0000 0.9754
0.1473 0.0440
0.8408 0.8408
1120.0000 0.9750
0.1546 0.0540
0.8359 0.8359
1130.0000 0.9756
0.1405 0.0318
0.8202 0.8202
1140.0000 0.9762
0.1564 0.1013
0.7667 0.7667
1150.0000 0.9761
0.1468 0.0574
0.8312 0.8312
1160.0000 0.9762
0.1440 0.0408
0.8292 0.8292
1170.0000 0.9716
0.1427 0.0421
0.8038 0.8038
1180.0000 0.9757
0.1206 0.0214
0.7785 0.7785
1190.0000 0.9752
0.1343 0.0391
0.8274 0.8274
1200.0000 0.9749
0.1267 0.0097
0.7520 0.7520
1210.0000 0.9756
0.1237 0.0437
0.8175 0.8175
1220.0000 0.9737
0.1300 0.0529
0.8264 0.8264
1230.0000 0.9754
0.1262 0.1059
0.7693 0.7693
1240.0000 0.9761
0.1292 0.0853
0.7828 0.7828
1250.0000 0.9760
0.1280 0.0221
0.8328 0.8328
1260.0000 0.9761
0.1230 0.0105
0.7294 0.7294
1270.0000 0.9758
0.1249 0.0210
0.7980 0.7980
1280.0000 0.9744
0.1440 0.0730
0.7431 0.7431
1290.0000 0.9755
0.1188 0.0513
0.8109 0.8109
1300.0000 0.9743
0.1324 0.1145
0.7657 0.7657
1310.0000 0.9756
0.1302 0.0786
0.8078 0.8078
1320.0000 0.9752
0.1327 0.1204
0.7864 0.7864
1330.0000 0.9712
0.1202 0.0572
0.7017 0.7017
1340.0000 0.9726
0.1394 0.1005
0.7526 0.7526
1350.0000 0.9734
0.1707 0.0961
0.7805 0.7805
1360.0000 0.9748
0.1422 0.0118
0.7429 0.7429
1370.0000 0.9741
0.1467 0.0368
0.7796 0.7796
1380.0000 0.9746
0.1718 0.0496
0.8041 0.8041
1390.0000 0.9740
0.1667 0.0828
0.7958 0.7958
1400.0000 0.9729
0.1714 0.0069
0.7916 0.7916
1410.0000 0.9730
0.1777 0.0286
0.8131 0.8131
1420.0000 0.9749
0.1894 0.0564
0.8202 0.8202
1430.0000 0.9744
0.1842 0.0424
0.8280 0.8280
1440.0000 0.9754
0.1842 0.0455
0.8381 0.8381
1450.0000 0.9749
0.1864 0.0306
0.8488 0.8488
1460.0000 0.9744
0.1775 0.0250
0.8289 0.8289
1470.0000 0.9744
0.1741 0.0125
0.7588 0.7588
1480.0000 0.9751
0.1756 0.0423
0.8453 0.8453
1490.0000 0.9745
0.1765 0.0300
0.8455 0.8455
1500.0000 0.9738
0.1814 0.0282
0.8457 0.8457
1510.0000 0.9744
0.1882 0.0088
0.8217 0.8217
1520.0000 0.9741
0.1780 0.0744
0.8194 0.8194
1530.0000 0.9737
0.1780 0.0454
0.8124 0.8124
1540.0000 0.9733
0.1856 0.0044
0.7534 0.7534
1550.0000 0.9726
0.1862 0.0233
0.8388 0.8388
1560.0000 0.9745
0.1873 0.0401
0.8415 0.8415
1570.0000 0.9741
0.1847 0.0479
0.8434 0.8434
1580.0000 0.9746
0.1770 0.0026
0.7730 0.7730
1590.0000 0.9736
0.1948 0.0266
0.8107 0.8107
1600.0000 0.9740
0.1884 0.0234
0.8090 0.8090
1610.0000 0.9730
0.1921 0.0106
0.8175 0.8175
1620.0000 0.9729
0.1884 0.0126
0.7547 0.7547
1630.0000 0.9733
0.1850 0.0231
0.8433 0.8433
1640.0000 0.9739
0.1851 0.1273
0.7967 0.7967
1650.0000 0.9733
0.1794 0.0328
0.8170 0.8170
1660.0000 0.9732
0.1787 0.0370
0.8311 0.8311
1670.0000 0.9726
0.1947 0.0052
0.8192 0.8192
1680.0000 0.9733
0.1755 0.0519
0.8277 0.8277
1690.0000 0.9733
0.1840 0.0716
0.8383 0.8383
1700.0000 0.9726
0.2249 0.0010
0.7248 0.7248
1710.0000 0.9723
0.1764 0.0513
0.8090 0.8090
1720.0000 0.9727
0.1739 0.0155
0.8233 0.8233
1730.0000 0.9733
0.1874 0.0040
0.8293 0.8293
1740.0000 0.9718
0.1671 0.0431
0.8254 0.8254
1750.0000 0.9723
0.1801 0.0185
0.8496 0.8496
1760.0000 0.9738
0.1709 0.0975
0.7915 0.7915
1770.0000 0.9724
0.1672 0.0431
0.8393 0.8393
1780.0000 0.9734
0.1816 0.0134
0.8222 0.8222
1790.0000 0.9730
0.1809 0.0257
0.8506 0.8506
1800.0000 0.9729
0.1718 0.1356
0.7800 0.7800
1810.0000 0.9741
0.1766 0.0717
0.8054 0.8054
1820.0000 0.9728
0.1776 0.0451
0.8145 0.8145
1830.0000 0.9729
0.1923 0.0727
0.8198 0.8198
1840.0000 0.9730
0.1554 0.1055
0.7690 0.7690
1850.0000 0.9729
0.1776 0.0498
0.8394 0.8394
1860.0000 0.9733
0.1809 0.0620
0.8425 0.8425
1870.0000 0.9738
0.1749 0.0667
0.8406 0.8406
1880.0000 0.9731
0.1570 0.0144
0.8210 0.8210
1890.0000 0.9726
0.1497 0.0130
0.8328 0.8328
1900.0000 0.9731
0.1392 0.0175
0.8052 0.8052
1910.0000 0.9734
0.1665 0.0867
0.8057 0.8057
1920.0000 0.9737
0.1694 0.0973
0.7878 0.7878
1930.0000 0.9739
0.1639 0.0437
0.8481 0.8481
1940.0000 0.9740
0.1615 0.0305
0.8359 0.8359
1950.0000 0.9736
0.1416 0.0016
0.7775 0.7775
1960.0000 0.9716
0.1309 0.0266
0.7347 0.7347
1970.0000 0.9739
0.1433 0.0623
0.8210 0.8210
1980.0000 0.9739
0.1549 0.0257
0.8305 0.8305
1990.0000 0.9750
0.1511 0.0374
0.8466 0.8466
2000.0000 0.9723
0.1349 0.0001
0.7272 0.7272
2010.0000 0.9742
0.1581 0.0804
0.8140 0.8140
2020.0000 0.9733
0.1550 0.0156
0.8212 0.8212
2030.0000 0.9751
0.1579 0.0424
0.8467 0.8467
2040.0000 0.9747
0.1431 0.0124
0.8347 0.8347
2050.0000 0.9732
0.1358 0.0091
0.7798 0.7798
2060.0000 0.9736
0.1422 0.0644
0.8308 0.8308
2070.0000 0.9745
0.1481 0.1074
0.7942 0.7942
2080.0000 0.9750
0.1366 0.0082
0.8261 0.8261
2090.0000 0.9739
0.1313 0.0013
0.7157 0.7157
2100.0000 0.9732
0.1462 0.0080
0.8118 0.8118
2110.0000 0.9730
0.1412 0.0275
0.8473 0.8473
2120.0000 0.9743
0.1415 0.0080
0.8114 0.8114
2130.0000 0.9744
0.1515 0.0405
0.8363 0.8363
2140.0000 0.9747
0.1363 0.0148
0.8144 0.8144
2150.0000 0.9740
0.1520 0.0316
0.8339 0.8339
2160.0000 0.9738
0.1363 0.0059
0.7648 0.7648
2170.0000 0.9730
0.1380 0.0531
0.8299 0.8299
2180.0000 0.9743
0.1493 0.0943
0.8029 0.8029
2190.0000 0.9747
0.1388 0.0808
0.7432 0.7432
2200.0000 0.9759
0.1541 0.0777
0.8293 0.8293
2210.0000 0.9737
0.1438 0.0649
0.8278 0.8278
2220.0000 0.9749
0.1512 0.0831
0.8079 0.8079
2230.0000 0.9717
0.1400 0.0776
0.7673 0.7673
2240.0000 0.9753
0.1380 0.0237
0.8495 0.8495
2250.0000 0.9750
0.1487 0.0884
0.8157 0.8157
2260.0000 0.9743
0.1525 0.0832
0.7901 0.7901
2270.0000 0.9753
0.1533 0.0766
0.8285 0.8285
2280.0000 0.9740
0.1380 0.0177
0.8243 0.8243
2290.0000 0.9751
0.1554 0.0210
0.7951 0.7951
2300.0000 0.9745
0.1425 0.0278
0.8467 0.8467
2310.0000 0.9756
0.1399 0.0028
0.8237 0.8237
2320.0000 0.9729
0.1417 0.0072
0.7726 0.7726
2330.0000 0.9755
0.1428 0.0086
0.7887 0.7887
2340.0000 0.9735
0.1391 0.0189
0.8037 0.8037
2350.0000 0.9750
0.1478 0.0693
0.8327 0.8327
2360.0000 0.9751
0.1507 0.0583
0.8379 0.8379
2370.0000 0.9713
0.0872 0.0455
0.7013 0.7013
2380.0000 0.9755
0.1498 0.0430
0.8516 0.8516
2390.0000 0.9757
0.1445 0.0377
0.8535 0.8535
2400.0000 0.9755
0.1308 0.0098
0.7706 0.7706
2410.0000 0.9745
0.1493 0.0460
0.8193 0.8193
2420.0000 0.9759
0.1378 0.0250
0.8292 0.8292
2430.0000 0.9757
0.1354 0.1578
0.7936 0.7936
2440.0000 0.9748
0.1357 0.1368
0.7897 0.7897
2450.0000 0.9738
0.1241 0.0298
0.7528 0.7528
2460.0000 0.9756
0.1345 0.0096
0.8294 0.8294
2470.0000 0.9704
0.1346 0.1247
0.6687 0.6687
