0.0000 0.0999
0.1189 0.0000
0.1000 0.1000
10.0000 0.0999
0.0972 0.0000
0.1001 0.1001
20.0000 0.0999
0.0285 0.0542
0.4024 0.4024
30.0000 0.1022
0.0040 0.0093
0.4258 0.4258
40.0000 0.1118
0.0210 0.1076
0.5169 0.5169
50.0000 0.1154
0.0309 0.0443
0.5838 0.5838
60.0000 0.1282
0.0344 0.0309
0.5913 0.5913
70.0000 0.1316
0.0071 0.0284
0.5989 0.5989
80.0000 0.1465
0.0268 0.0407
0.6646 0.6646
90.0000 0.1546
0.0324 0.0033
0.6304 0.6304
100.0000 0.1611
0.0245 0.0328
0.6742 0.6742
110.0000 0.1643
0.0183 0.0043
0.6246 0.6246
120.0000 0.1659
0.0231 0.0343
0.6852 0.6852
130.0000 0.1646
0.0262 0.0505
0.7056 0.7056
140.0000 0.1731
0.0187 0.0303
0.6727 0.6727
150.0000 0.1791
0.0250 0.0382
0.6758 0.6758
160.0000 0.1825
0.0269 0.0127
0.6676 0.6676
170.0000 0.1864
0.0305 0.0374
0.7021 0.7021
180.0000 0.1916
0.0441 0.0400
0.7121 0.7121
190.0000 0.1967
0.0437 0.0287
0.7054 0.7054
200.0000 0.2007
0.0447 0.0318
0.7021 0.7021
210.0000 0.2053
0.0421 0.0261
0.6931 0.6931
220.0000 0.2101
0.0457 0.0255
0.6883 0.6883
230.0000 0.2136
0.0464 0.0248
0.6855 0.6855
240.0000 0.2179
0.0461 0.0236
0.6823 0.6823
250.0000 0.2213
0.0453 0.0224
0.6781 0.6781
260.0000 0.2270
0.0447 0.0217
0.6752 0.6752
270.0000 0.2309
0.0431 0.0213
0.6714 0.6714
280.0000 0.2348
0.0423 0.0217
0.6680 0.6680
290.0000 0.2415
0.0428 0.0218
0.6664 0.6664
300.0000 0.2463
0.0425 0.0223
0.6644 0.6644
310.0000 0.1237
0.0100 0.0002
0.4242 0.4242
320.0000 0.1561
0.0312 0.0127
0.5225 0.5225
330.0000 0.1484
0.0476 0.0072
0.4995 0.4995
340.0000 0.1762
0.0239 0.0328
0.6084 0.6084
350.0000 0.1841
0.0174 0.0461
0.6234 0.6234
360.0000 0.1916
0.0229 0.0607
0.6342 0.6342
370.0000 0.2063
0.0436 0.0230
0.6518 0.6518
380.0000 0.2171
0.0357 0.0052
0.5958 0.5958
390.0000 0.2226
0.0323 0.0250
0.6112 0.6112
400.0000 0.2291
0.0284 0.0218
0.6049 0.6049
410.0000 0.2352
0.0293 0.0268
0.6263 0.6263
420.0000 0.2389
0.0278 0.0293
0.5861 0.5861
430.0000 0.2376
0.0400 0.0395
0.6488 0.6488
440.0000 0.2417
0.0418 0.0408
0.6441 0.6441
450.0000 0.2433
0.0403 0.0431
0.6484 0.6484
460.0000 0.2467
0.0415 0.0443
0.6431 0.6431
470.0000 0.2484
0.0419 0.0444
0.6401 0.6401
480.0000 0.2508
0.0418 0.0446
0.6388 0.6388
490.0000 0.2350
0.0497 0.0335
0.5630 0.5630
500.0000 0.2561
0.0375 0.0223
0.6720 0.6720
510.0000 0.2584
0.0346 0.0314
0.6773 0.6773
520.0000 0.2552
0.0324 0.0190
0.6422 0.6422
530.0000 0.2640
0.0365 0.0151
0.6593 0.6593
540.0000 0.2636
0.0360 0.0191
0.6868 0.6868
550.0000 0.2649
0.0373 0.0175
0.6867 0.6867
560.0000 0.2644
0.0337 0.0169
0.6841 0.6841
570.0000 0.2643
0.0338 0.0169
0.6866 0.6866
580.0000 0.2650
0.0320 0.0173
0.6921 0.6921
590.0000 0.2669
0.0324 0.0183
0.6928 0.6928
600.0000 0.2677
0.0318 0.0181
0.6940 0.6940
610.0000 0.2680
0.0320 0.0184
0.6927 0.6927
620.0000 0.2691
0.0321 0.0184
0.6921 0.6921
630.0000 0.2679
0.0323 0.0188
0.6920 0.6920
640.0000 0.2683
0.0326 0.0193
0.6890 0.6890
650.0000 0.2694
0.0322 0.0203
0.6914 0.6914
660.0000 0.2705
0.0327 0.0205
0.6907 0.6907
670.0000 0.2702
0.0329 0.0210
0.6906 0.6906
680.0000 0.2695
0.0331 0.0212
0.6903 0.6903
690.0000 0.2663
0.0322 0.0207
0.6883 0.6883
700.0000 0.2671
0.0329 0.0215
0.6885 0.6885
710.0000 0.2662
0.0331 0.0216
0.6867 0.6867
720.0000 0.2654
0.0337 0.0217
0.6866 0.6866
730.0000 0.2657
0.0340 0.0213
0.6866 0.6866
740.0000 0.2673
0.0346 0.0214
0.6849 0.6849
750.0000 0.2671
0.0340 0.0205
0.6832 0.6832
760.0000 0.2656
0.0341 0.0199
0.6822 0.6822
770.0000 0.2664
0.0334 0.0199
0.6804 0.6804
780.0000 0.2660
0.0331 0.0195
0.6800 0.6800
790.0000 0.2638
0.0322 0.0193
0.6769 0.6769
800.0000 0.2633
0.0318 0.0194
0.6771 0.6771
810.0000 0.2652
0.0318 0.0194
0.6749 0.6749
820.0000 0.2631
0.0317 0.0187
0.6726 0.6726
830.0000 0.2616
0.0309 0.0185
0.6704 0.6704
840.0000 0.2594
0.0333 0.0202
0.6736 0.6736
850.0000 0.2562
0.0331 0.0197
0.6710 0.6710
860.0000 0.2545
0.0330 0.0194
0.6703 0.6703
870.0000 0.2547
0.0330 0.0193
0.6690 0.6690
880.0000 0.2521
0.0354 0.0199
0.6674 0.6674
890.0000 0.2517
0.0334 0.0196
0.6680 0.6680
900.0000 0.2505
0.0331 0.0193
0.6661 0.6661
910.0000 0.2499
0.0325 0.0186
0.6628 0.6628
920.0000 0.2484
0.0318 0.0177
0.6613 0.6613
930.0000 0.2472
0.0332 0.0178
0.6605 0.6605
940.0000 0.2472
0.0321 0.0171
0.6595 0.6595
950.0000 0.2460
0.0312 0.0161
0.6583 0.6583
960.0000 0.2442
0.0310 0.0152
0.6575 0.6575
970.0000 0.2431
0.0328 0.0150
0.6550 0.6550
980.0000 0.2406
0.0324 0.0145
0.6541 0.6541
990.0000 0.2405
0.0324 0.0138
0.6504 0.6504
1000.0000 0.2404
0.0321 0.0131
0.6496 0.6496
1010.0000 0.2399
0.0314 0.0129
0.6477 0.6477
1020.0000 0.2399
0.0316 0.0121
0.6449 0.6449
1030.0000 0.2401
0.0318 0.0118
0.6437 0.6437
1040.0000 0.2391
0.0314 0.0116
0.6410 0.6410
1050.0000 0.2369
0.0311 0.0114
0.6381 0.6381
1060.0000 0.2362
0.0316 0.0111
0.6375 0.6375
1070.0000 0.2349
0.0318 0.0107
0.6366 0.6366
1080.0000 0.2342
0.0320 0.0100
0.6340 0.6340
1090.0000 0.2341
0.0318 0.0098
0.6321 0.6321
1100.0000 0.2332
0.0320 0.0095
0.6289 0.6289
1110.0000 0.2325
0.0325 0.0093
0.6279 0.6279
1120.0000 0.2322
0.0330 0.0090
0.6262 0.6262
1130.0000 0.2325
0.0327 0.0090
0.6247 0.6247
1140.0000 0.2310
0.0326 0.0087
0.6232 0.6232
1150.0000 0.2307
0.0328 0.0087
0.6211 0.6211
1160.0000 0.2300
0.0333 0.0087
0.6189 0.6189
1170.0000 0.2300
0.0331 0.0085
0.6183 0.6183
1180.0000 0.2281
0.0334 0.0085
0.6179 0.6179
1190.0000 0.2278
0.0337 0.0082
0.6163 0.6163
1200.0000 0.2274
0.0339 0.0082
0.6153 0.6153
1210.0000 0.2263
0.0342 0.0082
0.6145 0.6145
1220.0000 0.2262
0.0346 0.0078
0.6133 0.6133
1230.0000 0.2255
0.0348 0.0078
0.6133 0.6133
1240.0000 0.2246
0.0348 0.0078
0.6136 0.6136
1250.0000 0.2244
0.0350 0.0076
0.6123 0.6123
1260.0000 0.2241
0.0354 0.0076
0.6118 0.6118
1270.0000 0.2240
0.0350 0.0075
0.6108 0.6108
1280.0000 0.2237
0.0355 0.0075
0.6109 0.6109
1290.0000 0.2240
0.0354 0.0075
0.6102 0.6102
1300.0000 0.2239
0.0354 0.0073
0.6092 0.6092
1310.0000 0.2240
0.0355 0.0073
0.6091 0.6091
1320.0000 0.2238
0.0358 0.0073
0.6089 0.6089
1330.0000 0.2246
0.0354 0.0075
0.6087 0.6087
1340.0000 0.2243
0.0357 0.0072
0.6083 0.6083
1350.0000 0.2245
0.0359 0.0073
0.6079 0.6079
1360.0000 0.2247
0.0360 0.0072
0.6086 0.6086
1370.0000 0.2247
0.0357 0.0071
0.6086 0.6086
1380.0000 0.2249
0.0360 0.0068
0.6086 0.6086
1390.0000 0.2249
0.0362 0.0070
0.6084 0.6084
1400.0000 0.2251
0.0363 0.0070
0.6090 0.6090
1410.0000 0.2250
0.0362 0.0070
0.6085 0.6085
1420.0000 0.2247
0.0365 0.0070
0.6086 0.6086
1430.0000 0.2251
0.0362 0.0070
0.6079 0.6079
1440.0000 0.2242
0.0364 0.0070
0.6080 0.6080
1450.0000 0.2243
0.0364 0.0070
0.6079 0.6079
1460.0000 0.2242
0.0366 0.0070
0.6073 0.6073
1470.0000 0.2240
0.0365 0.0069
0.6076 0.6076
1480.0000 0.2240
0.0367 0.0069
0.6072 0.6072
1490.0000 0.2238
0.0361 0.0069
0.6077 0.6077
1500.0000 0.2237
0.0363 0.0069
0.6078 0.6078
1510.0000 0.2236
0.0366 0.0069
0.6076 0.6076
1520.0000 0.2235
0.0367 0.0069
0.6076 0.6076
1530.0000 0.2237
0.0365 0.0069
0.6073 0.6073
1540.0000 0.2238
0.0367 0.0067
0.6073 0.6073
1550.0000 0.2238
0.0369 0.0069
0.6067 0.6067
1560.0000 0.2236
0.0369 0.0069
0.6076 0.6076
1570.0000 0.2233
0.0369 0.0069
0.6074 0.6074
1580.0000 0.2234
0.0369 0.0069
0.6070 0.6070
1590.0000 0.2232
0.0367 0.0069
0.6063 0.6063
1600.0000 0.2234
0.0369 0.0069
0.6065 0.6065
1610.0000 0.2231
0.0370 0.0068
0.6069 0.6069
1620.0000 0.2233
0.0369 0.0068
0.6066 0.6066
1630.0000 0.2230
0.0369 0.0068
0.6065 0.6065
1640.0000 0.2230
0.0372 0.0068
0.6059 0.6059
1650.0000 0.2232
0.0368 0.0068
0.6062 0.6062
1660.0000 0.2233
0.0372 0.0068
0.6061 0.6061
1670.0000 0.1163
0.0770 0.0000
0.1754 0.1754
1680.0000 0.0992
0.1855 0.0000
0.1000 0.1000
1690.0000 0.0999
0.1001 0.0000
0.1002 0.1002
1700.0000 0.0999
0.0999 0.0000
0.1000 0.1000
1710.0000 0.0999
0.0998 0.0000
0.1002 0.1002
1720.0000 0.0999
0.1001 0.0000
0.1002 0.1002
1730.0000 0.0999
0.0998 0.0000
0.0999 0.0999
1740.0000 0.0999
0.1000 0.0000
0.1000 0.1000
1750.0000 0.0999
0.1001 0.0000
0.0996 0.0996
1760.0000 0.0999
0.1001 0.0000
0.1001 0.1001
1770.0000 0.0999
0.0999 0.0000
0.1001 0.1001
1780.0000 0.1062
0.1060 0.0000
0.0999 0.0999
1790.0000 0.0936
0.1096 0.0000
0.1000 0.1000
1800.0000 0.1023
0.1060 0.0000
0.1002 0.1002
1810.0000 0.1025
0.1104 0.0000
0.1001 0.1001
1820.0000 0.1031
0.1203 0.0000
0.0999 0.0999
1830.0000 0.1070
0.1015 0.0000
0.1001 0.1001
1840.0000 0.1057
0.1014 0.0000
0.1000 0.1000
1850.0000 0.1054
0.1040 0.0000
0.1000 0.1000
1860.0000 0.1058
0.1186 0.0000
0.1002 0.1002
1870.0000 0.1046
0.1295 0.0000
0.1002 0.1002
1880.0000 0.1048
0.1400 0.0000
0.1001 0.1001
1890.0000 0.1056
0.0818 0.0000
0.1001 0.1001
1900.0000 0.1053
0.0867 0.0000
0.1000 0.1000
1910.0000 0.1051
0.0884 0.0000
0.0997 0.0997
1920.0000 0.1046
0.0927 0.0000
0.0999 0.0999
1930.0000 0.1040
0.0931 0.0000
0.0999 0.0999
1940.0000 0.1039
0.0936 0.0000
0.1002 0.1002
1950.0000 0.1079
0.0462 0.0000
0.1000 0.1000
1960.0000 0.1081
0.0370 0.0000
0.1002 0.1002
1970.0000 0.1089
0.1111 0.0000
0.1001 0.1001
1980.0000 0.1118
0.0886 0.0000
0.0999 0.0999
1990.0000 0.1125
0.1049 0.0000
0.1001 0.1001
2000.0000 0.1063
0.0961 0.0000
0.1000 0.1000
2010.0000 0.1116
0.0956 0.0000
0.1000 0.1000
2020.0000 0.1108
0.0953 0.0000
0.1002 0.1002
2030.0000 0.1059
0.0976 0.0000
0.1002 0.1002
2040.0000 0.1111
0.0961 0.0000
0.1001 0.1001
2050.0000 0.1088
0.1024 0.0000
0.1001 0.1001
2060.0000 0.1112
0.1175 0.0000
0.1000 0.1000
2070.0000 0.1094
0.1008 0.0000
0.0997 0.0997
2080.0000 0.1098
0.0885 0.0000
0.0999 0.0999
2090.0000 0.1115
0.0883 0.0000
0.0999 0.0999
2100.0000 0.1115
0.0950 0.0000
0.1002 0.1002
2110.0000 0.1121
0.0914 0.0000
0.1000 0.1000
2120.0000 0.1107
0.0913 0.0000
0.1002 0.1002
2130.0000 0.1102
0.0943 0.0000
0.1001 0.1001
2140.0000 0.1083
0.0795 0.0000
0.0999 0.0999
2150.0000 0.0999
0.1000 0.0000
0.0951 0.0951
2160.0000 0.1001
0.0997 0.0000
0.1000 0.1000
2170.0000 0.1001
0.1000 0.0000
0.1000 0.1000
2180.0000 0.1001
0.0999 0.0000
0.1002 0.1002
2190.0000 0.1001
0.1002 0.0000
0.1002 0.1002
2200.0000 0.1001
0.1001 0.0000
0.1001 0.1001
2210.0000 0.1001
0.1001 0.0000
0.1001 0.1001
2220.0000 0.1001
0.0998 0.0000
0.1000 0.1000
2230.0000 0.1001
0.1001 0.0000
0.0997 0.0997
2240.0000 0.1001
0.1001 0.0000
0.0999 0.0999
2250.0000 0.1001
0.1002 0.0000
0.0999 0.0999
2260.0000 0.1001
0.1002 0.0000
0.1002 0.1002
2270.0000 0.1001
0.1001 0.0000
0.1000 0.1000
2280.0000 0.1001
0.1001 0.0000
0.1002 0.1002
2290.0000 0.1001
0.0999 0.0000
0.1001 0.1001
2300.0000 0.1001
0.1001 0.0000
0.0999 0.0999
2310.0000 0.1001
0.1000 0.0000
0.1001 0.1001
2320.0000 0.1001
0.0997 0.0000
0.1000 0.1000
2330.0000 0.1001
0.1000 0.0000
0.1000 0.1000
2340.0000 0.1001
0.0999 0.0000
0.1002 0.1002
2350.0000 0.1001
0.1002 0.0000
0.1002 0.1002
2360.0000 0.1001
0.1001 0.0000
0.1001 0.1001
2370.0000 0.1001
0.1001 0.0000
0.1001 0.1001
2380.0000 0.1001
0.0998 0.0000
0.1000 0.1000
2390.0000 0.1001
0.1001 0.0000
0.0997 0.0997
2400.0000 0.1001
0.1001 0.0000
0.0999 0.0999
2410.0000 0.1001
0.1002 0.0000
0.0999 0.0999
2420.0000 0.1001
0.1002 0.0000
0.1002 0.1002
2430.0000 0.1001
0.1001 0.0000
0.1000 0.1000
2440.0000 0.1001
0.1001 0.0000
0.1002 0.1002
2450.0000 0.1001
0.0999 0.0000
0.1001 0.1001
2460.0000 0.1001
0.1001 0.0000
0.0999 0.0999
2470.0000 0.1001
0.1000 0.0000
0.1001 0.1001
2480.0000 0.1001
0.0997 0.0000
0.1000 0.1000
2490.0000 0.1001
0.1000 0.0000
0.1000 0.1000
2500.0000 0.1001
0.0999 0.0000
0.1002 0.1002
2510.0000 0.1001
0.1002 0.0000
0.1002 0.1002
2520.0000 0.1001
0.1001 0.0000
0.1001 0.1001
2530.0000 0.1001
0.1001 0.0000
0.1001 0.1001
2540.0000 0.1001
0.0998 0.0000
0.1000 0.1000
2550.0000 0.1001
0.1001 0.0000
0.0997 0.0997
2560.0000 0.1001
0.1001 0.0000
0.0999 0.0999
2570.0000 0.1001
0.1002 0.0000
0.0999 0.0999
2580.0000 0.1001
0.1002 0.0000
0.1002 0.1002
2590.0000 0.1001
0.1001 0.0000
0.1000 0.1000
2600.0000 0.1001
0.1001 0.0000
0.1002 0.1002
2610.0000 0.1001
0.0999 0.0000
0.1001 0.1001
2620.0000 0.1001
0.1001 0.0000
0.0999 0.0999
2630.0000 0.1001
0.1000 0.0000
0.1001 0.1001
2640.0000 0.1001
0.0997 0.0000
0.1000 0.1000
2650.0000 0.1001
0.1000 0.0000
0.1000 0.1000
2660.0000 0.1001
0.0999 0.0000
0.1002 0.1002
2670.0000 0.1001
0.1002 0.0000
0.1002 0.1002
2680.0000 0.1001
0.1001 0.0000
0.1001 0.1001
2690.0000 0.1001
0.1001 0.0000
0.1001 0.1001
2700.0000 0.1001
0.0998 0.0000
0.1000 0.1000
2710.0000 0.1001
0.1001 0.0000
0.0997 0.0997
2720.0000 0.1001
0.1001 0.0000
0.0999 0.0999
2730.0000 0.1001
0.1002 0.0000
0.0999 0.0999
2740.0000 0.1001
0.1002 0.0000
0.1002 0.1002
2750.0000 0.1001
0.1001 0.0000
0.1000 0.1000
2760.0000 0.1001
0.1001 0.0000
0.1002 0.1002
2770.0000 0.1001
0.0999 0.0000
0.1001 0.1001
2780.0000 0.1001
0.1001 0.0000
0.0999 0.0999
2790.0000 0.1001
0.1000 0.0000
0.1001 0.1001
2800.0000 0.1001
0.0997 0.0000
0.1000 0.1000
2810.0000 0.1001
0.1000 0.0000
0.1000 0.1000
2820.0000 0.1001
0.0999 0.0000
0.1002 0.1002
2830.0000 0.1001
0.1002 0.0000
0.1002 0.1002
2840.0000 0.1001
0.1001 0.0000
0.1001 0.1001
2850.0000 0.1001
0.1001 0.0000
0.1001 0.1001
2860.0000 0.1001
0.0998 0.0000
0.1000 0.1000
2870.0000 0.1001
0.1001 0.0000
0.0997 0.0997
2880.0000 0.1001
0.1001 0.0000
0.0999 0.0999
2890.0000 0.1001
0.1002 0.0000
0.0999 0.0999
2900.0000 0.1001
0.1002 0.0000
0.1002 0.1002
2910.0000 0.1001
0.1001 0.0000
0.1000 0.1000
2920.0000 0.1001
0.1001 0.0000
0.1002 0.1002
2930.0000 0.1001
0.0999 0.0000
0.1001 0.1001
2940.0000 0.1001
0.1001 0.0000
0.0999 0.0999
2950.0000 0.1001
0.1000 0.0000
0.1001 0.1001
2960.0000 0.1001
0.0997 0.0000
0.1000 0.1000
2970.0000 0.1001
0.1000 0.0000
0.1000 0.1000
2980.0000 0.1001
0.0999 0.0000
0.1002 0.1002
2990.0000 0.1001
0.1002 0.0000
0.1002 0.1002
3000.0000 0.1001
0.1001 0.0000
0.1001 0.1001
3010.0000 0.1001
0.1001 0.0000
0.1001 0.1001
3020.0000 0.1001
0.0998 0.0000
0.1000 0.1000
3021.0000 0.1001
0.1001 0.0000
0.0997 0.0997
