0.0000 0.0999
0.1001 0.9829
0.1002 0.1002
10.0000 0.1147
0.0969 0.2080
0.5181 0.5181
20.0000 0.1000
0.1002 0.9017
0.1450 0.1450
30.0000 0.0926
0.1068 0.5182
0.3092 0.3092
40.0000 0.1070
0.0969 0.1951
0.5360 0.5360
50.0000 0.1100
0.0283 0.7106
0.2561 0.2561
60.0000 0.1029
0.0997 0.0000
0.5701 0.5701
70.0000 0.1210
0.1000 0.0010
0.4815 0.4815
80.0000 0.1283
0.1020 0.1253
0.6406 0.6406
90.0000 0.1465
0.1001 0.0016
0.5176 0.5176
100.0000 0.1559
0.1001 0.0366
0.6637 0.6637
110.0000 0.1699
0.1003 0.2668
0.5460 0.5460
120.0000 0.1785
0.1004 0.3233
0.5973 0.5973
130.0000 0.1884
0.1090 0.0737
0.5994 0.5994
140.0000 0.1926
0.1000 0.0425
0.6971 0.6971
150.0000 0.2150
0.0939 0.2149
0.6088 0.6088
160.0000 0.2289
0.0980 0.0683
0.6733 0.6733
170.0000 0.2455
0.0104 0.0819
0.6778 0.6778
180.0000 0.2617
0.0147 0.0999
0.6907 0.6907
190.0000 0.2729
0.0994 0.2349
0.5972 0.5972
200.0000 0.2776
0.0855 0.1279
0.6680 0.6680
210.0000 0.2802
0.0889 0.0402
0.7061 0.7061
220.0000 0.2837
0.0882 0.1071
0.7021 0.7021
230.0000 0.2842
0.0969 0.1264
0.7358 0.7358
240.0000 0.2788
0.0989 0.1597
0.6246 0.6246
250.0000 0.2814
0.0997 0.0098
0.7328 0.7328
260.0000 0.2824
0.0926 0.0972
0.7133 0.7133
270.0000 0.2810
0.0881 0.0518
0.7643 0.7643
280.0000 0.2782
0.0998 0.0443
0.7541 0.7541
290.0000 0.2759
0.0788 0.0110
0.7308 0.7308
300.0000 0.2720
0.1002 0.1208
0.7090 0.7090
310.0000 0.2685
0.1002 0.0273
0.7254 0.7254
320.0000 0.2638
0.1000 0.0155
0.7365 0.7365
330.0000 0.2603
0.1002 0.0638
0.7363 0.7363
340.0000 0.2579
0.1002 0.0320
0.7511 0.7511
350.0000 0.2510
0.0999 0.0329
0.7534 0.7534
360.0000 0.2496
0.1000 0.0167
0.7551 0.7551
370.0000 0.2464
0.0996 0.1126
0.6121 0.6121
380.0000 0.2486
0.1001 0.2006
0.6326 0.6326
390.0000 0.2459
0.1001 0.1187
0.6950 0.6950
400.0000 0.2438
0.0999 0.1684
0.6834 0.6834
410.0000 0.2431
0.1002 0.0947
0.6952 0.6952
420.0000 0.2465
0.0997 0.1142
0.6468 0.6468
430.0000 0.2477
0.1001 0.1564
0.6511 0.6511
440.0000 0.2486
0.1002 0.0426
0.7246 0.7246
450.0000 0.2457
0.1000 0.2144
0.5821 0.5821
460.0000 0.2440
0.1002 0.1092
0.6967 0.6967
470.0000 0.2426
0.1002 0.2138
0.5933 0.5933
480.0000 0.2420
0.1000 0.1718
0.6862 0.6862
490.0000 0.2421
0.1002 0.2236
0.6180 0.6180
500.0000 0.2401
0.1002 0.0818
0.7260 0.7260
510.0000 0.2389
0.0999 0.0727
0.7002 0.7002
520.0000 0.2396
0.1000 0.0111
0.7333 0.7333
530.0000 0.2401
0.0996 0.1417
0.6343 0.6343
540.0000 0.2378
0.1001 0.1778
0.6395 0.6395
550.0000 0.2357
0.1001 0.1163
0.7077 0.7077
560.0000 0.2353
0.0999 0.1784
0.6700 0.6700
570.0000 0.2357
0.1002 0.1544
0.6945 0.6945
580.0000 0.2347
0.0997 0.1866
0.6467 0.6467
590.0000 0.2343
0.1001 0.0265
0.7366 0.7366
600.0000 0.2336
0.1002 0.0259
0.7168 0.7168
610.0000 0.2352
0.1000 0.1308
0.6677 0.6677
620.0000 0.2325
0.1002 0.0331
0.7165 0.7165
630.0000 0.2316
0.1002 0.1126
0.6896 0.6896
640.0000 0.2324
0.1000 0.0145
0.7075 0.7075
650.0000 0.2316
0.1002 0.1701
0.5744 0.5744
660.0000 0.2333
0.1002 0.1709
0.6773 0.6773
670.0000 0.2326
0.0999 0.1054
0.7060 0.7060
680.0000 0.2324
0.1000 0.0350
0.7334 0.7334
690.0000 0.2311
0.0996 0.1949
0.5675 0.5675
700.0000 0.2376
0.1001 0.0344
0.7247 0.7247
710.0000 0.2359
0.1001 0.0663
0.7467 0.7467
720.0000 0.2349
0.0999 0.0521
0.7220 0.7220
730.0000 0.2391
0.1002 0.0744
0.7481 0.7481
740.0000 0.2391
0.0997 0.1236
0.7091 0.7091
750.0000 0.2387
0.1001 0.1123
0.6807 0.6807
760.0000 0.2384
0.1002 0.0673
0.7436 0.7436
770.0000 0.2381
0.1000 0.0888
0.7184 0.7184
780.0000 0.2381
0.1002 0.0531
0.6843 0.6843
790.0000 0.2344
0.1002 0.1389
0.7046 0.7046
800.0000 0.2372
0.1000 0.0701
0.7222 0.7222
810.0000 0.2340
0.1002 0.1934
0.6233 0.6233
820.0000 0.2376
0.1002 0.1206
0.6760 0.6760
830.0000 0.2364
0.0999 0.1240
0.7218 0.7218
840.0000 0.2374
0.1000 0.0922
0.7375 0.7375
850.0000 0.2392
0.0996 0.1446
0.7090 0.7090
860.0000 0.2346
0.1001 0.1546
0.6860 0.6860
870.0000 0.2410
0.1001 0.1452
0.6927 0.6927
880.0000 0.2409
0.0999 0.1473
0.7146 0.7146
890.0000 0.2401
0.1002 0.0048
0.7020 0.7020
900.0000 0.2150
0.0997 0.2174
0.4424 0.4424
910.0000 0.2369
0.1001 0.0454
0.7245 0.7245
920.0000 0.2365
0.1002 0.0482
0.7439 0.7439
930.0000 0.2376
0.1000 0.0982
0.6764 0.6764
940.0000 0.2361
0.1002 0.1713
0.6822 0.6822
950.0000 0.2370
0.1002 0.0834
0.6887 0.6887
960.0000 0.2382
0.1000 0.1848
0.6511 0.6511
970.0000 0.2403
0.1002 0.1109
0.6760 0.6760
980.0000 0.2375
0.1002 0.0986
0.6521 0.6521
990.0000 0.2325
0.0999 0.0481
0.5473 0.5473
1000.0000 0.2322
0.0968 0.1817
0.6275 0.6275
1010.0000 0.2334
0.0993 0.1304
0.7204 0.7204
1020.0000 0.2334
0.1001 0.0637
0.6800 0.6800
1030.0000 0.2344
0.1001 0.0542
0.7184 0.7184
1040.0000 0.2344
0.0999 0.0161
0.7382 0.7382
1050.0000 0.2341
0.1002 0.0614
0.6488 0.6488
1060.0000 0.2348
0.0991 0.0753
0.7341 0.7341
1070.0000 0.2334
0.1001 0.0893
0.7090 0.7090
1080.0000 0.2337
0.1002 0.0613
0.7309 0.7309
1090.0000 0.2352
0.1000 0.0421
0.7011 0.7011
1100.0000 0.2340
0.1002 0.1525
0.7156 0.7156
1110.0000 0.2337
0.0912 0.0605
0.6621 0.6621
1120.0000 0.2346
0.0913 0.0586
0.7100 0.7100
1130.0000 0.2340
0.0901 0.1181
0.6598 0.6598
1140.0000 0.2346
0.0985 0.1479
0.4151 0.4151
1150.0000 0.2371
0.0857 0.0549
0.6414 0.6414
1160.0000 0.2365
0.0761 0.0053
0.4417 0.4417
1170.0000 0.2340
0.1000 0.0767
0.5216 0.5216
1180.0000 0.2326
0.1001 0.0120
0.5424 0.5424
1190.0000 0.2335
0.1004 0.0531
0.5266 0.5266
1200.0000 0.2371
0.1000 0.0492
0.6799 0.6799
1210.0000 0.2357
0.1001 0.0550
0.6152 0.6152
1220.0000 0.2356
0.1001 0.1152
0.6095 0.6095
1230.0000 0.2343
0.1001 0.0692
0.5290 0.5290
1240.0000 0.2362
0.1001 0.0125
0.5192 0.5192
1250.0000 0.2364
0.1001 0.0492
0.5186 0.5186
1260.0000 0.2351
0.0999 0.0090
0.2409 0.2409
1270.0000 0.2375
0.1000 0.0886
0.2574 0.2574
1280.0000 0.2367
0.1001 0.0471
0.2714 0.2714
1290.0000 0.2384
0.0999 0.0257
0.1693 0.1693
1300.0000 0.2372
0.1000 0.1552
0.2138 0.2138
1310.0000 0.2376
0.1000 0.0248
0.2052 0.2052
1320.0000 0.2388
0.0998 0.0789
0.2649 0.2649
1330.0000 0.2386
0.1011 0.0269
0.1741 0.1741
1340.0000 0.2393
0.0777 0.1045
0.2684 0.2684
1350.0000 0.2396
0.0853 0.1225
0.2647 0.2647
1360.0000 0.2398
0.1003 0.1559
0.2965 0.2965
1370.0000 0.2407
0.1006 0.1259
0.2927 0.2927
1380.0000 0.2404
0.0967 0.3193
0.1819 0.1819
1390.0000 0.2412
0.1008 0.0111
0.1270 0.1270
1400.0000 0.2411
0.1003 0.7803
0.1405 0.1405
1410.0000 0.2407
0.1001 0.7275
0.1575 0.1575
1420.0000 0.2419
0.0999 0.7136
0.1608 0.1608
1430.0000 0.2427
0.1000 0.7052
0.2046 0.2046
1440.0000 0.2418
0.1001 0.7609
0.2116 0.2116
1450.0000 0.2417
0.0999 0.7905
0.1983 0.1983
1460.0000 0.2416
0.1000 0.7803
0.2018 0.2018
1470.0000 0.2355
0.1000 0.8306
0.1584 0.1584
1480.0000 0.2375
0.0998 0.8239
0.1606 0.1606
1490.0000 0.2371
0.1005 0.8212
0.1631 0.1631
1500.0000 0.2377
0.0997 0.8330
0.1600 0.1600
1510.0000 0.2397
0.1002 0.8270
0.1595 0.1595
1520.0000 0.2316
0.1000 0.8191
0.1615 0.1615
1530.0000 0.2321
0.1000 0.8188
0.1619 0.1619
1540.0000 0.2334
0.1037 0.8113
0.1640 0.1640
1550.0000 0.2337
0.1029 0.8091
0.1682 0.1682
1560.0000 0.2132
0.1053 0.8974
0.1117 0.1117
1570.0000 0.2180
0.1001 0.7111
0.2508 0.2508
1580.0000 0.2101
0.0999 0.7585
0.1778 0.1778
1590.0000 0.2148
0.1000 0.7594
0.2293 0.2293
1600.0000 0.2210
0.0960 0.7623
0.2068 0.2068
1610.0000 0.2245
0.1002 0.6388
0.2992 0.2992
1620.0000 0.1904
0.1000 0.8607
0.1565 0.1565
1630.0000 0.1967
0.1000 0.8303
0.1628 0.1628
1640.0000 0.2037
0.0998 0.8230
0.1672 0.1672
1650.0000 0.2037
0.1005 0.8272
0.1670 0.1670
1660.0000 0.2041
0.0997 0.8205
0.1682 0.1682
1670.0000 0.2062
0.1002 0.8218
0.1678 0.1678
1680.0000 0.2093
0.1000 0.8231
0.1686 0.1686
1690.0000 0.2072
0.1001 0.8172
0.1687 0.1687
1700.0000 0.2098
0.1001 0.8169
0.1679 0.1679
1710.0000 0.2096
0.1001 0.8005
0.1722 0.1722
1720.0000 0.2087
0.1001 0.7949
0.1728 0.1728
1730.0000 0.2063
0.1001 0.7984
0.1718 0.1718
1740.0000 0.2071
0.0999 0.7569
0.2004 0.2004
1750.0000 0.2091
0.1000 0.8088
0.2027 0.2027
1760.0000 0.2059
0.1001 0.8518
0.1653 0.1653
1770.0000 0.2059
0.0999 0.8406
0.1677 0.1677
1780.0000 0.2065
0.1000 0.8400
0.1686 0.1686
1790.0000 0.2070
0.1000 0.8377
0.1691 0.1691
1800.0000 0.2066
0.0998 0.8347
0.1700 0.1700
1810.0000 0.2064
0.1005 0.8333
0.1710 0.1710
1820.0000 0.2066
0.0997 0.8320
0.1729 0.1729
1830.0000 0.2064
0.1002 0.8331
0.1731 0.1731
1840.0000 0.2062
0.1000 0.8286
0.1761 0.1761
1850.0000 0.2059
0.1001 0.8202
0.1801 0.1801
1860.0000 0.2072
0.1001 0.8205
0.1802 0.1802
1870.0000 0.2072
0.1001 0.8077
0.1861 0.1861
1880.0000 0.2064
0.1001 0.7980
0.1933 0.1933
1890.0000 0.2059
0.1001 0.7920
0.1988 0.1988
1900.0000 0.2031
0.0999 0.8184
0.1781 0.1781
1910.0000 0.2006
0.1000 0.7111
0.1359 0.1359
1920.0000 0.2022
0.1001 0.8532
0.1180 0.1180
1930.0000 0.1874
0.0999 0.0087
0.1045 0.1045
1940.0000 0.1956
0.1000 0.0116
0.1075 0.1075
1950.0000 0.1960
0.1000 0.0118
0.1077 0.1077
1960.0000 0.1950
0.0998 0.0125
0.1075 0.1075
1970.0000 0.1972
0.1005 0.0115
0.1084 0.1084
1980.0000 0.2011
0.0997 0.0140
0.1098 0.1098
1990.0000 0.1964
0.1002 0.0126
0.1106 0.1106
2000.0000 0.2005
0.1000 0.0135
0.1091 0.1091
2010.0000 0.2014
0.1001 0.9274
0.0984 0.0984
2020.0000 0.2014
0.1001 0.9262
0.0987 0.0987
2030.0000 0.2006
0.1001 0.9260
0.0998 0.0998
2040.0000 0.2020
0.1001 0.9225
0.1007 0.1007
2050.0000 0.1997
0.1001 0.9227
0.0997 0.0997
2060.0000 0.1947
0.0999 0.9274
0.1049 0.1049
2070.0000 0.2000
0.1000 0.9169
0.1066 0.1066
2080.0000 0.2009
0.1001 0.9237
0.1042 0.1042
2090.0000 0.2007
0.0999 0.9254
0.1044 0.1044
2100.0000 0.2007
0.1000 0.9213
0.1063 0.1063
2110.0000 0.1996
0.1000 0.9240
0.1061 0.1061
2120.0000 0.2001
0.0998 0.9380
0.1016 0.1016
2130.0000 0.2012
0.1005 0.9364
0.1027 0.1027
2140.0000 0.2023
0.0997 0.9315
0.1035 0.1035
2150.0000 0.2019
0.1002 0.9307
0.1030 0.1030
2160.0000 0.2005
0.1000 0.9264
0.1027 0.1027
2170.0000 0.2001
0.1001 0.9264
0.1027 0.1027
2180.0000 0.2015
0.1001 0.9249
0.1031 0.1031
2190.0000 0.2030
0.1001 0.9259
0.1035 0.1035
2200.0000 0.2028
0.1001 0.9165
0.1052 0.1052
2210.0000 0.2028
0.1001 0.9188
0.1056 0.1056
2220.0000 0.2032
0.0999 0.9181
0.1062 0.1062
2230.0000 0.2016
0.1000 0.9144
0.1065 0.1065
2240.0000 0.2031
0.1001 0.9143
0.1061 0.1061
2250.0000 0.2031
0.0999 0.9201
0.1056 0.1056
2260.0000 0.2019
0.1000 0.9198
0.1049 0.1049
2270.0000 0.2041
0.1000 0.9185
0.1044 0.1044
2280.0000 0.2050
0.0998 0.9220
0.1033 0.1033
2290.0000 0.1917
0.1185 0.9597
0.1032 0.1032
2300.0000 0.1991
0.0997 0.0302
0.1310 0.1310
2310.0000 0.1749
0.1002 0.9549
0.1020 0.1020
2320.0000 0.1827
0.1000 0.9235
0.1102 0.1102
2330.0000 0.1825
0.1001 0.9484
0.1065 0.1065
2340.0000 0.1882
0.1001 0.9378
0.1052 0.1052
2350.0000 0.1888
0.1001 0.9404
0.1038 0.1038
2360.0000 0.1928
0.1001 0.9401
0.1039 0.1039
2370.0000 0.1946
0.1001 0.9438
0.1038 0.1038
2380.0000 0.1953
0.0999 0.9401
0.1042 0.1042
2390.0000 0.1979
0.1000 0.0209
0.1120 0.1120
2400.0000 0.1987
0.1001 0.0209
0.1135 0.1135
2410.0000 0.1983
0.0999 0.0208
0.1150 0.1150
2420.0000 0.1991
0.1000 0.0204
0.1152 0.1152
2430.0000 0.1876
0.1000 0.0002
0.1063 0.1063
2440.0000 0.1923
0.0998 0.0095
0.1138 0.1138
2450.0000 0.1957
0.1005 0.0102
0.1140 0.1140
2460.0000 0.1941
0.0997 0.0110
0.1142 0.1142
2470.0000 0.1953
0.1002 0.0126
0.1150 0.1150
2480.0000 0.1944
0.1000 0.0119
0.1160 0.1160
2490.0000 0.1945
0.1001 0.0121
0.1081 0.1081
2500.0000 0.1942
0.1001 0.0120
0.1075 0.1075
2510.0000 0.1938
0.1001 0.0120
0.1080 0.1080
2520.0000 0.1959
0.1001 0.0125
0.1080 0.1080
2530.0000 0.1961
0.1001 0.0125
0.1078 0.1078
2540.0000 0.1964
0.0999 0.0127
0.1090 0.1090
2550.0000 0.1950
0.1000 0.0116
0.1080 0.1080
2560.0000 0.1949
0.1001 0.0146
0.1085 0.1085
2570.0000 0.1949
0.0999 0.0141
0.1091 0.1091
2580.0000 0.1945
0.1000 0.0129
0.1097 0.1097
2590.0000 0.1952
0.1000 0.0142
0.1095 0.1095
2600.0000 0.1958
0.0998 0.0121
0.1092 0.1092
2610.0000 0.1941
0.1005 0.0130
0.1095 0.1095
2620.0000 0.1961
0.0997 0.0132
0.1098 0.1098
2630.0000 0.1974
0.1002 0.0128
0.1102 0.1102
2640.0000 0.1946
0.1000 0.0141
0.1104 0.1104
2650.0000 0.1949
0.1001 0.0151
0.1111 0.1111
2660.0000 0.1948
0.1001 0.0140
0.1107 0.1107
2670.0000 0.1951
0.1001 0.0148
0.1115 0.1115
2680.0000 0.1962
0.1001 0.0142
0.1139 0.1139
2690.0000 0.1860
0.1001 0.0062
0.1075 0.1075
2700.0000 0.1864
0.0999 0.0132
0.1127 0.1127
2710.0000 0.1858
0.1000 0.0181
0.1127 0.1127
2720.0000 0.1863
0.1001 0.0144
0.1119 0.1119
2730.0000 0.1861
0.0999 0.0135
0.1117 0.1117
2740.0000 0.1878
0.1000 0.0136
0.1136 0.1136
2750.0000 0.1859
0.1000 0.0149
0.1151 0.1151
2760.0000 0.1874
0.0998 0.0092
0.1148 0.1148
2770.0000 0.1878
0.1005 0.0141
0.1159 0.1159
2780.0000 0.1848
0.0997 0.0144
0.1166 0.1166
2790.0000 0.1870
0.1002 0.0135
0.1164 0.1164
2800.0000 0.1876
0.1000 0.0158
0.1161 0.1161
2810.0000 0.1876
0.1001 0.0149
0.1173 0.1173
2820.0000 0.1868
0.1001 0.0136
0.1160 0.1160
2830.0000 0.1875
0.1001 0.0118
0.1177 0.1177
2840.0000 0.1874
0.1001 0.0144
0.1194 0.1194
2850.0000 0.1873
0.1001 0.0118
0.1183 0.1183
2860.0000 0.1870
0.0999 0.0116
0.1198 0.1198
2870.0000 0.1880
0.1000 0.0120
0.1196 0.1196
2880.0000 0.1891
0.1001 0.0103
0.1185 0.1185
2890.0000 0.1890
0.0999 0.0132
0.1218 0.1218
2900.0000 0.1903
0.1000 0.0142
0.1227 0.1227
2910.0000 0.1889
0.1000 0.0137
0.1229 0.1229
2920.0000 0.1889
0.0998 0.0135
0.1249 0.1249
2930.0000 0.1891
0.1005 0.0137
0.1266 0.1266
2940.0000 0.1889
0.0997 0.0138
0.1288 0.1288
2950.0000 0.1896
0.1002 0.0150
0.1295 0.1295
2960.0000 0.1894
0.1000 0.0144
0.1327 0.1327
2970.0000 0.1909
0.1001 0.0114
0.1309 0.1309
2980.0000 0.1896
0.1001 0.0137
0.1312 0.1312
2990.0000 0.1911
0.1001 0.0148
0.1371 0.1371
3000.0000 0.1897
0.1001 0.0096
0.1281 0.1281
3010.0000 0.1888
0.1001 0.0150
0.1274 0.1274
3020.0000 0.1887
0.0999 0.0120
0.1239 0.1239
3030.0000 0.1887
0.1000 0.0121
0.1310 0.1310
3040.0000 0.1880
0.1001 0.0125
0.1372 0.1372
3050.0000 0.1875
0.0999 0.0150
0.1419 0.1419
3060.0000 0.1865
0.1000 0.0148
0.1428 0.1428
3070.0000 0.1879
0.1000 0.0132
0.1398 0.1398
3080.0000 0.1896
0.0998 0.0123
0.1415 0.1415
3090.0000 0.1901
0.1005 0.0136
0.1492 0.1492
3100.0000 0.1880
0.0997 0.0151
0.1431 0.1431
3110.0000 0.1642
0.1002 0.0007
0.1403 0.1403
3120.0000 0.1865
0.1000 0.0141
0.1581 0.1581
3130.0000 0.1818
0.1001 0.0178
0.1209 0.1209
