0.0000 0.3770
0.0207 0.2280
10.0000 0.7104
0.0258 0.1172
20.0000 0.7671
0.0157 0.1134
30.0000 0.7862
0.0145 0.1130
40.0000 0.7993
0.0129 0.1126
50.0000 0.8081
0.0151 0.1145
60.0000 0.8181
0.0639 0.1064
70.0000 0.8268
0.2326 0.0892
80.0000 0.8361
0.5177 0.0270
90.0000 0.8386
0.7161 0.0459
100.0000 0.8421
0.7301 0.0460
110.0000 0.8531
0.7449 0.0797
120.0000 0.8578
0.7448 0.0611
130.0000 0.8572
0.7737 0.0899
140.0000 0.8620
0.7313 0.0924
150.0000 0.8660
0.7717 0.0379
160.0000 0.8690
0.7588 0.0073
170.0000 0.8690
0.7885 0.0677
180.0000 0.8699
0.7830 0.0801
190.0000 0.8718
0.8048 0.0844
200.0000 0.8743
0.7852 0.0440
210.0000 0.8749
0.7777 0.0167
220.0000 0.8730
0.8168 0.0338
230.0000 0.8748
0.7625 0.0081
240.0000 0.8747
0.8258 0.0182
250.0000 0.8743
0.7737 0.0148
260.0000 0.8738
0.7871 0.0888
270.0000 0.8739
0.7947 0.0582
280.0000 0.8724
0.7650 0.1053
290.0000 0.8711
0.7976 0.0474
300.0000 0.8727
0.7469 0.0038
310.0000 0.8711
0.7950 0.0341
320.0000 0.8716
0.7818 0.0684
330.0000 0.8711
0.7358 0.0945
340.0000 0.8724
0.8432 0.0551
350.0000 0.8700
0.8073 0.0659
360.0000 0.8712
0.8066 0.0697
370.0000 0.8716
0.7526 0.0896
380.0000 0.8698
0.8429 0.0652
390.0000 0.8692
0.8305 0.0700
400.0000 0.8684
0.8252 0.0207
410.0000 0.8708
0.8350 0.0204
420.0000 0.8683
0.8287 0.0967
430.0000 0.8693
0.8025 0.0681
440.0000 0.8683
0.7853 0.1017
450.0000 0.8699
0.8068 0.0659
460.0000 0.8715
0.8365 0.0140
470.0000 0.8689
0.7970 0.0487
480.0000 0.8698
0.7790 0.0611
490.0000 0.8690
0.8463 0.0098
500.0000 0.8702
0.8377 0.0118
510.0000 0.8702
0.7960 0.0887
520.0000 0.8708
0.7565 0.1288
530.0000 0.8696
0.7983 0.0756
540.0000 0.8694
0.7664 0.1298
550.0000 0.8701
0.7925 0.0727
560.0000 0.8699
0.7757 0.0851
570.0000 0.8698
0.7872 0.0904
580.0000 0.8696
0.7795 0.0985
590.0000 0.8696
0.8022 0.0881
600.0000 0.8680
0.7984 0.0885
610.0000 0.8698
0.8175 0.0561
620.0000 0.8691
0.8086 0.0667
630.0000 0.8680
0.7434 0.0281
640.0000 0.8691
0.8550 0.0336
650.0000 0.8699
0.8512 0.0117
660.0000 0.8676
0.8443 0.0106
670.0000 0.8668
0.8466 0.0154
680.0000 0.8668
0.8128 0.0098
690.0000 0.8671
0.7879 0.0400
700.0000 0.8675
0.8128 0.0066
710.0000 0.8671
0.8266 0.0046
720.0000 0.8660
0.8258 0.0109
730.0000 0.8662
0.8510 0.0260
740.0000 0.8659
0.8215 0.0109
750.0000 0.8661
0.8192 0.0223
760.0000 0.8668
0.8049 0.0021
770.0000 0.8643
0.7490 0.0021
780.0000 0.8634
0.8070 0.0646
790.0000 0.8647
0.8533 0.0547
800.0000 0.8652
0.8486 0.0594
810.0000 0.8652
0.8030 0.0927
820.0000 0.8636
0.8084 0.0120
830.0000 0.8639
0.8095 0.0031
840.0000 0.8649
0.8340 0.0061
850.0000 0.8632
0.8358 0.0285
860.0000 0.8676
0.8433 0.0533
870.0000 0.8644
0.8510 0.0171
880.0000 0.8638
0.8165 0.0223
890.0000 0.8642
0.8314 0.0177
900.0000 0.8652
0.8317 0.0071
910.0000 0.8649
0.8012 0.0647
920.0000 0.8651
0.8031 0.0617
930.0000 0.8659
0.8066 0.0105
940.0000 0.8652
0.8491 0.0097
950.0000 0.8644
0.8372 0.0152
960.0000 0.8611
0.7787 0.0444
970.0000 0.8655
0.8626 0.0496
980.0000 0.8651
0.8484 0.0351
990.0000 0.8662
0.8346 0.0717
1000.0000 0.8651
0.8173 0.0782
1010.0000 0.8655
0.7939 0.0214
1020.0000 0.8656
0.8198 0.0092
1030.0000 0.8638
0.8369 0.0357
1040.0000 0.8639
0.8462 0.0372
1050.0000 0.8650
0.8209 0.1152
1060.0000 0.8655
0.7737 0.1133
1070.0000 0.8658
0.8343 0.0819
1080.0000 0.8670
0.8325 0.0801
1090.0000 0.8650
0.8043 0.1051
1100.0000 0.8649
0.8278 0.1112
1110.0000 0.8650
0.8406 0.0878
1120.0000 0.8650
0.8635 0.0476
1130.0000 0.8664
0.8424 0.0331
1140.0000 0.8664
0.8546 0.0142
1150.0000 0.8668
0.8515 0.0247
1160.0000 0.8662
0.8610 0.0483
1170.0000 0.8678
0.7957 0.1032
1180.0000 0.8667
0.8358 0.0952
1190.0000 0.8649
0.8396 0.0775
1200.0000 0.8652
0.8050 0.1271
1210.0000 0.8666
0.8363 0.0801
1220.0000 0.8649
0.8410 0.0910
1230.0000 0.8646
0.8182 0.1014
1240.0000 0.8662
0.8218 0.1273
1250.0000 0.8647
0.8498 0.0648
1260.0000 0.8642
0.8170 0.0976
1270.0000 0.8657
0.8061 0.1556
1280.0000 0.8655
0.8285 0.0961
1290.0000 0.8642
0.8380 0.0739
1300.0000 0.8628
0.8389 0.0116
1310.0000 0.8626
0.7909 0.0049
1320.0000 0.8656
0.7789 0.1480
1330.0000 0.8615
0.8351 0.0148
1340.0000 0.8659
0.8479 0.0228
1350.0000 0.8619
0.8565 0.0343
1360.0000 0.8644
0.8255 0.0141
1370.0000 0.8662
0.8420 0.0937
1380.0000 0.8647
0.8181 0.1331
1390.0000 0.8648
0.8353 0.1400
1400.0000 0.8654
0.8391 0.0777
1410.0000 0.8626
0.7678 0.1500
1420.0000 0.8619
0.8215 0.0226
1430.0000 0.8617
0.7941 0.0304
1440.0000 0.8641
0.8483 0.0326
1450.0000 0.8639
0.8474 0.0862
1460.0000 0.8656
0.8263 0.0089
1470.0000 0.8653
0.8565 0.0323
1480.0000 0.8577
0.8038 0.1211
1490.0000 0.8643
0.8340 0.0986
1500.0000 0.8640
0.8305 0.1812
1510.0000 0.8647
0.8047 0.2048
1520.0000 0.8633
0.8187 0.2231
1530.0000 0.8632
0.8006 0.0793
1540.0000 0.8648
0.8308 0.1259
1550.0000 0.8647
0.8247 0.1345
1560.0000 0.8638
0.8267 0.2227
1570.0000 0.8637
0.8404 0.0410
1580.0000 0.8622
0.8472 0.0121
1590.0000 0.8598
0.8092 0.0109
1600.0000 0.8616
0.8298 0.0872
1610.0000 0.8629
0.8547 0.0839
1620.0000 0.8615
0.8454 0.0315
1630.0000 0.8603
0.8014 0.0503
1640.0000 0.8612
0.8421 0.0658
1650.0000 0.8615
0.8449 0.1186
1660.0000 0.8609
0.8420 0.0167
1670.0000 0.8613
0.8423 0.0950
1680.0000 0.8599
0.8584 0.1163
1690.0000 0.8608
0.8512 0.0429
1700.0000 0.8620
0.8570 0.0960
1710.0000 0.8606
0.8570 0.1512
1720.0000 0.8602
0.8209 0.0544
1730.0000 0.8606
0.8578 0.0370
1740.0000 0.8618
0.8628 0.2383
1750.0000 0.8612
0.8571 0.0708
1760.0000 0.8628
0.8427 0.2166
1770.0000 0.8619
0.8549 0.0464
1780.0000 0.8589
0.8046 0.0914
1790.0000 0.8591
0.8407 0.2298
1800.0000 0.8600
0.8619 0.2230
1810.0000 0.8603
0.8234 0.2982
1820.0000 0.8593
0.8254 0.6238
1830.0000 0.8570
0.8290 0.6428
1840.0000 0.8596
0.8432 0.5047
1850.0000 0.8583
0.7951 0.0266
1860.0000 0.8589
0.8305 0.2425
1870.0000 0.8590
0.8451 0.4425
1880.0000 0.8573
0.8606 0.3884
1890.0000 0.8581
0.8293 0.4847
1900.0000 0.8596
0.8293 0.6846
1910.0000 0.8579
0.8453 0.5836
1920.0000 0.8607
0.8571 0.3241
1930.0000 0.8592
0.8125 0.7002
1940.0000 0.8577
0.8469 0.3312
1950.0000 0.8577
0.8545 0.5188
1960.0000 0.8572
0.8459 0.3794
1970.0000 0.8596
0.8533 0.6474
1980.0000 0.8601
0.8256 0.8291
1990.0000 0.8608
0.8189 0.8575
2000.0000 0.8610
0.8519 0.8392
2010.0000 0.8604
0.8336 0.8372
2020.0000 0.8609
0.8505 0.7870
2030.0000 0.8611
0.8602 0.6787
2040.0000 0.8606
0.8460 0.5421
2050.0000 0.8608
0.8390 0.6960
2060.0000 0.8611
0.8333 0.6783
2070.0000 0.8604
0.8233 0.6558
2080.0000 0.8622
0.8645 0.7741
2090.0000 0.8598
0.8452 0.7926
2100.0000 0.8637
0.8493 0.5587
2110.0000 0.8596
0.8176 0.4618
2120.0000 0.8639
0.8618 0.7923
2130.0000 0.8636
0.8610 0.7139
2140.0000 0.8617
0.8302 0.7356
2150.0000 0.8631
0.8555 0.8296
2160.0000 0.8652
0.8609 0.8883
2170.0000 0.8647
0.8679 0.8171
2180.0000 0.8635
0.8518 0.6824
2190.0000 0.8639
0.8594 0.8808
2200.0000 0.8646
0.8653 0.7702
2210.0000 0.8635
0.8327 0.8828
2220.0000 0.8659
0.8510 0.9000
2230.0000 0.8666
0.8472 0.8461
2240.0000 0.8639
0.8313 0.9178
2250.0000 0.8642
0.8609 0.8925
2260.0000 0.8654
0.8506 0.9092
2270.0000 0.8654
0.8507 0.9049
2280.0000 0.8645
0.8557 0.8629
2290.0000 0.8667
0.8412 0.7251
2300.0000 0.8656
0.8551 0.8583
2310.0000 0.8649
0.8372 0.7329
2320.0000 0.8658
0.8426 0.8824
2330.0000 0.8669
0.8373 0.9310
2340.0000 0.8670
0.8682 0.8712
2350.0000 0.8677
0.8705 0.8572
2360.0000 0.8646
0.8275 0.6397
2370.0000 0.8680
0.8703 0.8824
2380.0000 0.8656
0.8226 0.7172
2390.0000 0.8682
0.8591 0.9092
2400.0000 0.8684
0.8467 0.9162
2410.0000 0.8684
0.8392 0.8495
2420.0000 0.8681
0.8620 0.7923
2430.0000 0.8680
0.8456 0.8509
2440.0000 0.8673
0.8672 0.8223
2450.0000 0.8657
0.8523 0.7229
2460.0000 0.8679
0.8601 0.8862
2470.0000 0.8683
0.8688 0.8991
2480.0000 0.8680
0.8389 0.9105
2490.0000 0.8634
0.8414 0.8309
2500.0000 0.8689
0.8598 0.7698
2510.0000 0.8698
0.8704 0.8685
2520.0000 0.8663
0.8521 0.8393
2530.0000 0.8666
0.8467 0.9157
2540.0000 0.8695
0.8393 0.9205
2550.0000 0.8670
0.8520 0.9162
2560.0000 0.8675
0.8461 0.9310
2570.0000 0.8682
0.8406 0.8576
2580.0000 0.8682
0.8342 0.9081
2590.0000 0.8676
0.8468 0.7478
2600.0000 0.8685
0.8574 0.8345
2610.0000 0.8664
0.8383 0.9125
2620.0000 0.8669
0.8530 0.9134
2630.0000 0.8677
0.8554 0.9102
2640.0000 0.8691
0.8707 0.8779
2650.0000 0.8662
0.8249 0.8382
2660.0000 0.8683
0.8496 0.8023
2670.0000 0.8680
0.8629 0.8376
2680.0000 0.8677
0.7974 0.9215
2690.0000 0.8706
0.8234 0.9324
2700.0000 0.8679
0.8684 0.8859
2710.0000 0.8693
0.8299 0.6361
2720.0000 0.8676
0.8448 0.8903
2730.0000 0.8682
0.8292 0.8954
2740.0000 0.8655
0.8060 0.9139
2750.0000 0.8702
0.8392 0.9014
2760.0000 0.8679
0.8469 0.9064
2770.0000 0.8635
0.8383 0.8863
2780.0000 0.8701
0.8610 0.9051
2790.0000 0.8676
0.7974 0.3544
2800.0000 0.8663
0.8521 0.8320
2810.0000 0.8686
0.8568 0.9047
2820.0000 0.8678
0.8665 0.9250
2830.0000 0.8682
0.8603 0.8973
2840.0000 0.8700
0.8451 0.9240
2850.0000 0.8701
0.8469 0.8955
2860.0000 0.8662
0.8590 0.8755
2870.0000 0.8649
0.8398 0.6500
2880.0000 0.8682
0.8542 0.8575
2890.0000 0.8689
0.8648 0.8954
2900.0000 0.8674
0.8677 0.9080
2910.0000 0.8673
0.8519 0.9007
2920.0000 0.8693
0.8492 0.9256
2930.0000 0.8698
0.8513 0.9281
2940.0000 0.8697
0.8627 0.8948
2950.0000 0.8667
0.8362 0.8966
2960.0000 0.8682
0.8644 0.9259
2970.0000 0.8672
0.8497 0.9282
2980.0000 0.8682
0.8642 0.8847
2990.0000 0.8674
0.8591 0.8918
2999.0000 0.8696
0.8676 0.9227
