0.0000 0.0999
0.0889 0.9974
0.1002 0.1002
10.0000 0.1014
0.0145 0.0000
0.2432 0.2432
20.0000 0.1160
0.0228 0.1600
0.5240 0.5240
30.0000 0.1355
0.0887 0.0000
0.4962 0.4962
40.0000 0.1268
0.0473 0.0036
0.2890 0.2890
50.0000 0.1315
0.0842 0.0000
0.4164 0.4164
60.0000 0.1482
0.0105 0.0984
0.6923 0.6923
70.0000 0.1789
0.0279 0.0847
0.6866 0.6866
80.0000 0.2029
0.0285 0.1143
0.7051 0.7051
90.0000 0.2212
0.0318 0.1513
0.6661 0.6661
100.0000 0.2262
0.0330 0.1668
0.6529 0.6529
110.0000 0.2358
0.0283 0.1662
0.6260 0.6260
120.0000 0.2471
0.0235 0.1262
0.6900 0.6900
130.0000 0.2564
0.0289 0.1775
0.4809 0.4809
140.0000 0.2725
0.0176 0.0569
0.7003 0.7003
150.0000 0.2793
0.0209 0.0679
0.6987 0.6987
160.0000 0.2820
0.0144 0.0727
0.6756 0.6756
170.0000 0.2859
0.0418 0.1120
0.6547 0.6547
180.0000 0.2899
0.0712 0.0970
0.7232 0.7232
190.0000 0.2940
0.0594 0.0797
0.7485 0.7485
200.0000 0.2945
0.0508 0.0076
0.7592 0.7592
210.0000 0.2955
0.0491 0.0251
0.5863 0.5863
220.0000 0.2975
0.0972 0.1163
0.6492 0.6492
230.0000 0.2971
0.0398 0.0463
0.7550 0.7550
240.0000 0.2926
0.0353 0.0082
0.7311 0.7311
250.0000 0.2893
0.0579 0.0795
0.7084 0.7084
260.0000 0.2864
0.0564 0.0061
0.7207 0.7207
270.0000 0.2817
0.0403 0.0983
0.6918 0.6918
280.0000 0.2799
0.0597 0.0642
0.7347 0.7347
290.0000 0.2768
0.0577 0.0739
0.7093 0.7093
300.0000 0.2733
0.0588 0.0976
0.6974 0.6974
310.0000 0.2707
0.0478 0.0050
0.6063 0.6063
320.0000 0.2678
0.0408 0.0640
0.7253 0.7253
330.0000 0.2673
0.0501 0.0952
0.6689 0.6689
340.0000 0.2674
0.0620 0.0564
0.7359 0.7359
350.0000 0.2653
0.0808 0.0290
0.7294 0.7294
360.0000 0.2621
0.0802 0.0218
0.7389 0.7389
370.0000 0.2612
0.0943 0.0244
0.7397 0.7397
380.0000 0.2598
0.1005 0.0404
0.7260 0.7260
390.0000 0.2610
0.0942 0.0318
0.7335 0.7335
400.0000 0.2571
0.1146 0.0732
0.6657 0.6657
410.0000 0.2589
0.0992 0.0669
0.7427 0.7427
420.0000 0.2577
0.0977 0.0567
0.7182 0.7182
430.0000 0.2557
0.0996 0.0537
0.7545 0.7545
440.0000 0.2555
0.1044 0.0416
0.7333 0.7333
450.0000 0.2569
0.1031 0.0368
0.7562 0.7562
460.0000 0.2558
0.1206 0.1066
0.6772 0.6772
470.0000 0.2527
0.0760 0.0484
0.7535 0.7535
480.0000 0.2542
0.0911 0.0653
0.7452 0.7452
490.0000 0.2560
0.1005 0.0565
0.7432 0.7432
500.0000 0.2553
0.1003 0.1048
0.6702 0.6702
510.0000 0.2578
0.0926 0.0800
0.7465 0.7465
520.0000 0.2580
0.0910 0.0739
0.7150 0.7150
530.0000 0.2558
0.0908 0.0316
0.7144 0.7144
540.0000 0.2572
0.0888 0.0426
0.7605 0.7605
550.0000 0.2551
0.0900 0.0549
0.7247 0.7247
560.0000 0.2562
0.1030 0.0968
0.6265 0.6265
570.0000 0.2528
0.0751 0.0409
0.7260 0.7260
580.0000 0.2547
0.0650 0.0445
0.7283 0.7283
590.0000 0.2534
0.0621 0.0518
0.7352 0.7352
600.0000 0.2530
0.0885 0.0395
0.7053 0.7053
610.0000 0.2545
0.0867 0.0495
0.7119 0.7119
620.0000 0.2541
0.0912 0.0499
0.7258 0.7258
630.0000 0.2540
0.1094 0.0403
0.6920 0.6920
640.0000 0.2564
0.1011 0.0474
0.7004 0.7004
650.0000 0.2554
0.1019 0.0563
0.7072 0.7072
660.0000 0.2561
0.0569 0.1899
0.4094 0.4094
670.0000 0.2534
0.0793 0.0518
0.7224 0.7224
680.0000 0.2536
0.0746 0.0448
0.7403 0.7403
690.0000 0.2537
0.0794 0.0510
0.7401 0.7401
700.0000 0.2553
0.0882 0.0456
0.5934 0.5934
710.0000 0.2576
0.0697 0.0444
0.7096 0.7096
720.0000 0.2572
0.0555 0.0282
0.7501 0.7501
730.0000 0.2579
0.0492 0.0406
0.7520 0.7520
740.0000 0.2593
0.0600 0.0353
0.6982 0.6982
750.0000 0.2596
0.0522 0.0465
0.7097 0.7097
760.0000 0.2601
0.0488 0.0477
0.7225 0.7225
770.0000 0.2606
0.0483 0.0328
0.7342 0.7342
780.0000 0.2589
0.0475 0.0383
0.7414 0.7414
790.0000 0.2586
0.0477 0.0438
0.7081 0.7081
800.0000 0.2584
0.0469 0.0333
0.7437 0.7437
810.0000 0.2583
0.0481 0.0461
0.7492 0.7492
820.0000 0.2592
0.0532 0.0880
0.7353 0.7353
830.0000 0.2577
0.0460 0.0335
0.7565 0.7565
840.0000 0.2584
0.0461 0.0487
0.7206 0.7206
850.0000 0.2593
0.0409 0.0541
0.7219 0.7219
860.0000 0.2588
0.0521 0.1021
0.6767 0.6767
870.0000 0.2528
0.0583 0.0455
0.6646 0.6646
880.0000 0.2571
0.0515 0.0374
0.7282 0.7282
890.0000 0.2599
0.0449 0.0405
0.7358 0.7358
900.0000 0.2585
0.0448 0.0279
0.7239 0.7239
910.0000 0.2594
0.0443 0.0416
0.7289 0.7289
920.0000 0.2573
0.0610 0.1093
0.5207 0.5207
930.0000 0.2582
0.0423 0.0430
0.7262 0.7262
940.0000 0.2579
0.0398 0.0434
0.6676 0.6676
950.0000 0.2581
0.0396 0.1087
0.6925 0.6925
960.0000 0.2587
0.0437 0.0010
0.6152 0.6152
970.0000 0.2591
0.0428 0.0351
0.6965 0.6965
980.0000 0.2579
0.0388 0.0024
0.6537 0.6537
990.0000 0.2590
0.0398 0.0280
0.7265 0.7265
1000.0000 0.2590
0.0427 0.0185
0.7238 0.7238
1010.0000 0.2598
0.0437 0.0130
0.7238 0.7238
1020.0000 0.2613
0.0395 0.0691
0.6534 0.6534
1030.0000 0.2614
0.0548 0.0039
0.6503 0.6503
1040.0000 0.2592
0.0427 0.0716
0.7373 0.7373
1050.0000 0.2593
0.0503 0.0528
0.7115 0.7115
1060.0000 0.2597
0.0409 0.1131
0.7285 0.7285
1070.0000 0.2596
0.0378 0.0630
0.7473 0.7473
1080.0000 0.2611
0.0378 0.0116
0.5475 0.5475
1090.0000 0.2616
0.0360 0.0426
0.7152 0.7152
1100.0000 0.2605
0.0333 0.0506
0.7025 0.7025
1110.0000 0.2602
0.0336 0.0972
0.7364 0.7364
1120.0000 0.2596
0.0389 0.1420
0.5999 0.5999
1130.0000 0.2591
0.0864 0.1224
0.7189 0.7189
1140.0000 0.2602
0.0872 0.0741
0.5124 0.5124
1150.0000 0.2597
0.0789 0.0758
0.6229 0.6229
1160.0000 0.2592
0.0643 0.0700
0.7364 0.7364
1170.0000 0.2597
0.0624 0.0655
0.7466 0.7466
1180.0000 0.2601
0.0749 0.0210
0.6773 0.6773
1190.0000 0.2581
0.0695 0.0255
0.7345 0.7345
1200.0000 0.2594
0.0660 0.0454
0.7530 0.7530
1210.0000 0.2596
0.0700 0.0410
0.7553 0.7553
1220.0000 0.2601
0.0732 0.0310
0.7525 0.7525
1230.0000 0.2593
0.0742 0.0246
0.7497 0.7497
1240.0000 0.2587
0.0667 0.0384
0.7571 0.7571
1250.0000 0.2583
0.0642 0.0472
0.7575 0.7575
1260.0000 0.2587
0.0607 0.0581
0.7558 0.7558
1270.0000 0.2586
0.0721 0.0086
0.7224 0.7224
1280.0000 0.2610
0.0652 0.0402
0.7006 0.7006
1290.0000 0.2608
0.0552 0.0654
0.7291 0.7291
1300.0000 0.2591
0.0464 0.0812
0.6030 0.6030
1310.0000 0.2608
0.0539 0.0770
0.6276 0.6276
1320.0000 0.2616
0.0580 0.0525
0.5882 0.5882
1330.0000 0.2611
0.0521 0.0592
0.6878 0.6878
1340.0000 0.2597
0.0543 0.0118
0.6466 0.6466
1350.0000 0.2609
0.0434 0.1677
0.6343 0.6343
1360.0000 0.2599
0.0687 0.1338
0.5689 0.5689
1370.0000 0.2598
0.0622 0.0581
0.6578 0.6578
1380.0000 0.2592
0.0694 0.0702
0.6456 0.6456
1390.0000 0.2596
0.0659 0.0597
0.6498 0.6498
1400.0000 0.2591
0.0611 0.0740
0.6507 0.6507
1410.0000 0.2594
0.0597 0.0707
0.6777 0.6777
1420.0000 0.2598
0.0618 0.0490
0.7331 0.7331
1430.0000 0.2600
0.0492 0.1478
0.6786 0.6786
1440.0000 0.2580
0.0686 0.0032
0.6270 0.6270
1450.0000 0.2595
0.0490 0.0613
0.7377 0.7377
1460.0000 0.2597
0.0461 0.1578
0.6693 0.6693
1470.0000 0.2586
0.0535 0.0618
0.7459 0.7459
1480.0000 0.2591
0.0569 0.0642
0.7506 0.7506
1490.0000 0.2585
0.0563 0.0591
0.7508 0.7508
1500.0000 0.2586
0.0662 0.0710
0.7442 0.7442
1510.0000 0.2586
0.0572 0.0904
0.7153 0.7153
1520.0000 0.2590
0.0604 0.0678
0.7549 0.7549
1530.0000 0.2594
0.0589 0.0731
0.7527 0.7527
1540.0000 0.2598
0.0604 0.0632
0.7611 0.7611
1550.0000 0.2597
0.0651 0.0712
0.7088 0.7088
1560.0000 0.2587
0.0645 0.0594
0.6179 0.6179
1570.0000 0.2615
0.0715 0.1156
0.5120 0.5120
1580.0000 0.2618
0.0771 0.1075
0.5533 0.5533
1590.0000 0.2583
0.0610 0.0684
0.6328 0.6328
1600.0000 0.2599
0.0545 0.0862
0.5668 0.5668
1610.0000 0.2631
0.0631 0.0383
0.5770 0.5770
1620.0000 0.2611
0.0600 0.0581
0.5384 0.5384
1630.0000 0.2637
0.0642 0.0423
0.5584 0.5584
1640.0000 0.2641
0.0672 0.0662
0.5271 0.5271
1650.0000 0.2623
0.0734 0.2301
0.5111 0.5111
1660.0000 0.2644
0.0614 0.0698
0.5751 0.5751
1670.0000 0.2619
0.0734 0.2765
0.5160 0.5160
1680.0000 0.2626
0.0627 0.0911
0.5599 0.5599
1690.0000 0.2650
0.0767 0.0035
0.5485 0.5485
1700.0000 0.2636
0.0828 0.0594
0.6497 0.6497
1710.0000 0.2615
0.0699 0.0687
0.5491 0.5491
1720.0000 0.2609
0.0798 0.0514
0.5203 0.5203
1730.0000 0.2617
0.0865 0.0267
0.5034 0.5034
1740.0000 0.2632
0.0731 0.0738
0.5456 0.5456
1750.0000 0.2626
0.0922 0.1377
0.4823 0.4823
1760.0000 0.2652
0.0760 0.0707
0.5755 0.5755
1770.0000 0.2641
0.0726 0.0826
0.6201 0.6201
1780.0000 0.2642
0.0932 0.0719
0.5344 0.5344
1790.0000 0.2647
0.0732 0.1144
0.5817 0.5817
1800.0000 0.2626
0.0883 0.1728
0.5171 0.5171
1810.0000 0.2629
0.0795 0.1311
0.5430 0.5430
1820.0000 0.2620
0.0704 0.0656
0.5775 0.5775
1830.0000 0.2630
0.0676 0.0751
0.5767 0.5767
1840.0000 0.2619
0.0802 0.0606
0.5913 0.5913
1850.0000 0.2617
0.0696 0.0676
0.6220 0.6220
1860.0000 0.2626
0.0583 0.0717
0.6017 0.6017
1870.0000 0.2607
0.0742 0.0028
0.5576 0.5576
1880.0000 0.2610
0.0784 0.0020
0.5408 0.5408
1890.0000 0.2613
0.0780 0.0029
0.5215 0.5215
1900.0000 0.2617
0.0792 0.0023
0.4853 0.4853
1910.0000 0.2614
0.0806 0.0152
0.4053 0.4053
1920.0000 0.2614
0.0617 0.0846
0.5317 0.5317
1930.0000 0.2617
0.0572 0.0699
0.5518 0.5518
1940.0000 0.2611
0.0594 0.0846
0.5920 0.5920
1950.0000 0.2614
0.0570 0.1470
0.5371 0.5371
1960.0000 0.2616
0.0612 0.1587
0.5711 0.5711
1970.0000 0.2614
0.0609 0.1511
0.6304 0.6304
1980.0000 0.2619
0.0575 0.1527
0.5860 0.5860
1990.0000 0.2630
0.0562 0.1328
0.5912 0.5912
2000.0000 0.2626
0.0547 0.1048
0.6317 0.6317
2010.0000 0.2627
0.0555 0.1981
0.5867 0.5867
2020.0000 0.2616
0.0737 0.2043
0.5189 0.5189
2030.0000 0.2633
0.0542 0.1513
0.6180 0.6180
2040.0000 0.2619
0.0727 0.1775
0.5909 0.5909
2050.0000 0.2631
0.0510 0.0918
0.5944 0.5944
2060.0000 0.2631
0.0541 0.1476
0.5957 0.5957
2070.0000 0.2630
0.0529 0.1132
0.6139 0.6139
2080.0000 0.2633
0.0519 0.1760
0.5832 0.5832
2090.0000 0.2630
0.0505 0.1249
0.6154 0.6154
2100.0000 0.2631
0.0600 0.1387
0.6301 0.6301
2110.0000 0.2627
0.0495 0.1454
0.5498 0.5498
2120.0000 0.2622
0.0515 0.1332
0.6106 0.6106
2130.0000 0.2624
0.0496 0.1493
0.6047 0.6047
2140.0000 0.2633
0.0521 0.1391
0.6100 0.6100
2150.0000 0.2631
0.0532 0.1281
0.6080 0.6080
2160.0000 0.2624
0.0690 0.2075
0.5786 0.5786
2170.0000 0.2630
0.0509 0.1362
0.6048 0.6048
2180.0000 0.2627
0.0519 0.1072
0.6300 0.6300
2190.0000 0.2620
0.0523 0.2008
0.5796 0.5796
2200.0000 0.2618
0.0536 0.1072
0.6331 0.6331
2210.0000 0.2622
0.0601 0.2033
0.5802 0.5802
2220.0000 0.2631
0.0644 0.1606
0.6040 0.6040
2230.0000 0.2645
0.0603 0.1235
0.6312 0.6312
2240.0000 0.2616
0.0564 0.1179
0.6106 0.6106
2250.0000 0.2638
0.0750 0.1712
0.5511 0.5511
2260.0000 0.2617
0.0828 0.1802
0.5046 0.5046
2270.0000 0.2616
0.0570 0.1598
0.5949 0.5949
2280.0000 0.2625
0.0495 0.2035
0.5521 0.5521
2290.0000 0.2615
0.0572 0.1619
0.5962 0.5962
2300.0000 0.2621
0.0554 0.2060
0.5877 0.5877
2310.0000 0.2620
0.0617 0.1083
0.5998 0.5998
2320.0000 0.2606
0.0517 0.1875
0.4846 0.4846
2330.0000 0.2590
0.0442 0.3404
0.4153 0.4153
2340.0000 0.2628
0.0570 0.2275
0.4499 0.4499
2350.0000 0.2605
0.0575 0.1051
0.6169 0.6169
2360.0000 0.2606
0.0586 0.1293
0.6284 0.6284
2370.0000 0.2606
0.0563 0.1758
0.5669 0.5669
2380.0000 0.2613
0.0637 0.1126
0.6375 0.6375
2390.0000 0.2614
0.0568 0.0836
0.6029 0.6029
2400.0000 0.2626
0.0578 0.0754
0.5741 0.5741
2410.0000 0.2623
0.0673 0.2919
0.5803 0.5803
2420.0000 0.2614
0.0780 0.2038
0.5942 0.5942
2430.0000 0.2637
0.0691 0.1755
0.5963 0.5963
2440.0000 0.2633
0.0536 0.0913
0.5766 0.5766
2450.0000 0.2638
0.0638 0.1896
0.5751 0.5751
2460.0000 0.2627
0.0606 0.1253
0.6047 0.6047
2470.0000 0.2629
0.0598 0.1037
0.5595 0.5595
2480.0000 0.2624
0.0634 0.1008
0.6264 0.6264
2490.0000 0.2628
0.0691 0.1762
0.5838 0.5838
2500.0000 0.2619
0.0678 0.1595
0.6031 0.6031
2510.0000 0.2615
0.0670 0.1496
0.5975 0.5975
2520.0000 0.2587
0.0731 0.2030
0.5780 0.5780
2530.0000 0.2603
0.0646 0.1308
0.5979 0.5979
2540.0000 0.2597
0.0710 0.1445
0.6167 0.6167
2550.0000 0.2601
0.0679 0.1140
0.6433 0.6433
2560.0000 0.2608
0.0670 0.1109
0.6211 0.6211
2570.0000 0.2608
0.0728 0.1743
0.5814 0.5814
2580.0000 0.2598
0.0695 0.1907
0.5680 0.5680
2590.0000 0.2595
0.0671 0.1362
0.6226 0.6226
2600.0000 0.2599
0.0808 0.1730
0.5676 0.5676
2610.0000 0.2607
0.0787 0.1633
0.6261 0.6261
2620.0000 0.2587
0.0751 0.1809
0.5808 0.5808
2630.0000 0.2612
0.0822 0.1003
0.6378 0.6378
2640.0000 0.2598
0.0760 0.0949
0.6136 0.6136
2650.0000 0.2600
0.0761 0.1528
0.6122 0.6122
2660.0000 0.2598
0.0826 0.1097
0.6450 0.6450
2670.0000 0.2598
0.0808 0.1183
0.6329 0.6329
2680.0000 0.2600
0.0828 0.2186
0.5840 0.5840
2690.0000 0.2588
0.0747 0.1148
0.6081 0.6081
2700.0000 0.2595
0.0799 0.0802
0.6363 0.6363
2710.0000 0.2595
0.0783 0.1940
0.5934 0.5934
2720.0000 0.2580
0.0814 0.1484
0.6012 0.6012
2730.0000 0.2573
0.0804 0.1040
0.6221 0.6221
2740.0000 0.2575
0.0738 0.1966
0.5551 0.5551
2750.0000 0.2579
0.0802 0.0904
0.6291 0.6291
2760.0000 0.2574
0.0770 0.1875
0.6167 0.6167
2770.0000 0.2576
0.0852 0.1500
0.6285 0.6285
2780.0000 0.2570
0.0828 0.1555
0.6125 0.6125
2790.0000 0.2570
0.0774 0.1000
0.6261 0.6261
2800.0000 0.2550
0.0370 0.1479
0.4962 0.4962
2810.0000 0.2550
0.0561 0.1928
0.5257 0.5257
2820.0000 0.2554
0.0543 0.1939
0.5303 0.5303
2830.0000 0.2560
0.0733 0.1632
0.5355 0.5355
2840.0000 0.2558
0.0715 0.2327
0.4421 0.4421
2850.0000 0.2555
0.0819 0.1736
0.5084 0.5084
2860.0000 0.2550
0.0863 0.1437
0.5759 0.5759
2870.0000 0.2547
0.0850 0.1273
0.6080 0.6080
2880.0000 0.2555
0.0865 0.0998
0.6113 0.6113
2890.0000 0.2554
0.0886 0.1396
0.6072 0.6072
2900.0000 0.2563
0.0870 0.1252
0.6262 0.6262
2910.0000 0.2567
0.0873 0.0924
0.6724 0.6724
2920.0000 0.2566
0.0836 0.1323
0.6093 0.6093
2930.0000 0.2557
0.0885 0.1509
0.6339 0.6339
2940.0000 0.2573
0.0836 0.1222
0.6068 0.6068
2950.0000 0.2568
0.0838 0.0905
0.6658 0.6658
2960.0000 0.2556
0.0830 0.1332
0.6245 0.6245
2970.0000 0.2573
0.0764 0.0939
0.6754 0.6754
2980.0000 0.2571
0.0831 0.1703
0.5798 0.5798
2990.0000 0.2575
0.0697 0.0797
0.6253 0.6253
3000.0000 0.2592
0.0733 0.1002
0.6751 0.6751
3010.0000 0.2576
0.0626 0.1597
0.6111 0.6111
3014.0000 0.2581
0.0604 0.1172
0.6492 0.6492
