0.0000 0.5033
0.0695 0.6872
0.2010 0.2010
10.0000 0.9245
0.1118 0.3878
0.2319 0.2319
20.0000 0.9498
0.1212 0.5165
0.3992 0.3992
30.0000 0.9618
0.0927 0.0077
0.4905 0.4905
40.0000 0.9708
0.1051 0.0522
0.7148 0.7148
50.0000 0.9731
0.1149 0.0181
0.6515 0.6515
60.0000 0.9707
0.1400 0.1741
0.5212 0.5212
70.0000 0.9757
0.1498 0.0346
0.6758 0.6758
80.0000 0.9764
0.1301 0.0610
0.7462 0.7462
90.0000 0.9768
0.1351 0.0759
0.6484 0.6484
100.0000 0.9775
0.1024 0.0420
0.7484 0.7484
110.0000 0.9777
0.1001 0.0459
0.7480 0.7480
120.0000 0.9783
0.1142 0.0715
0.7040 0.7040
130.0000 0.9780
0.1047 0.0043
0.7446 0.7446
140.0000 0.9785
0.1105 0.0449
0.7198 0.7198
150.0000 0.9746
0.0725 0.0382
0.5791 0.5791
160.0000 0.9784
0.0929 0.1224
0.7200 0.7200
170.0000 0.9789
0.1029 0.0955
0.7425 0.7425
180.0000 0.9775
0.1138 0.1685
0.6931 0.6931
190.0000 0.9773
0.1089 0.0575
0.7293 0.7293
200.0000 0.9783
0.0896 0.1132
0.7307 0.7307
210.0000 0.9785
0.1149 0.0243
0.7370 0.7370
220.0000 0.9734
0.0800 0.0270
0.6069 0.6069
230.0000 0.9773
0.1025 0.0351
0.7291 0.7291
240.0000 0.9779
0.1049 0.0520
0.7109 0.7109
250.0000 0.9779
0.1229 0.0439
0.6993 0.6993
260.0000 0.9781
0.1153 0.0060
0.7327 0.7327
270.0000 0.9783
0.1197 0.0420
0.7763 0.7763
280.0000 0.9787
0.1450 0.0357
0.7821 0.7821
290.0000 0.9775
0.1443 0.0310
0.7103 0.7103
300.0000 0.9782
0.1483 0.0018
0.7208 0.7208
310.0000 0.9787
0.1281 0.0386
0.8044 0.8044
320.0000 0.9780
0.1242 0.0395
0.7529 0.7529
330.0000 0.9782
0.1370 0.0402
0.7983 0.7983
340.0000 0.9781
0.1525 0.0379
0.6809 0.6809
350.0000 0.9783
0.1339 0.0248
0.8077 0.8077
360.0000 0.9785
0.1532 0.0421
0.6977 0.6977
370.0000 0.9778
0.1143 0.0603
0.7784 0.7784
380.0000 0.9784
0.1360 0.0577
0.8165 0.8165
390.0000 0.9782
0.1135 0.0556
0.8127 0.8127
400.0000 0.9782
0.1209 0.0206
0.7759 0.7759
410.0000 0.9776
0.1322 0.0824
0.7831 0.7831
420.0000 0.9774
0.1400 0.1510
0.7019 0.7019
430.0000 0.9779
0.1260 0.0445
0.8168 0.8168
440.0000 0.9784
0.1193 0.0684
0.8024 0.8024
450.0000 0.9776
0.1200 0.0448
0.8227 0.8227
460.0000 0.9783
0.1261 0.0108
0.7882 0.7882
470.0000 0.9782
0.0945 0.0458
0.7841 0.7841
480.0000 0.9793
0.1150 0.0434
0.8120 0.8120
490.0000 0.9783
0.0967 0.0436
0.8271 0.8271
500.0000 0.9783
0.0950 0.0722
0.7973 0.7973
510.0000 0.9781
0.1047 0.0834
0.6947 0.6947
520.0000 0.9784
0.1005 0.0436
0.8215 0.8215
530.0000 0.9502
0.1125 0.0767
0.5412 0.5412
540.0000 0.9720
0.1403 0.0725
0.7081 0.7081
550.0000 0.9737
0.1063 0.0604
0.7745 0.7745
560.0000 0.9746
0.0996 0.0546
0.7795 0.7795
570.0000 0.9748
0.0880 0.0287
0.7414 0.7414
580.0000 0.9757
0.1039 0.0491
0.7826 0.7826
590.0000 0.9759
0.1094 0.0882
0.7589 0.7589
600.0000 0.9765
0.1084 0.0829
0.7401 0.7401
610.0000 0.9741
0.0888 0.0475
0.7866 0.7866
620.0000 0.9756
0.0899 0.0259
0.7686 0.7686
630.0000 0.9760
0.0885 0.0146
0.7538 0.7538
640.0000 0.9762
0.0938 0.0240
0.7503 0.7503
650.0000 0.9759
0.1015 0.0014
0.7210 0.7210
660.0000 0.9758
0.1290 0.0637
0.7642 0.7642
670.0000 0.9761
0.1207 0.1292
0.7487 0.7487
680.0000 0.9752
0.1367 0.0583
0.7442 0.7442
690.0000 0.9751
0.1384 0.0543
0.7533 0.7533
700.0000 0.9743
0.1194 0.0525
0.8001 0.8001
710.0000 0.9749
0.1467 0.0154
0.7523 0.7523
720.0000 0.9744
0.1436 0.0105
0.7860 0.7860
730.0000 0.9744
0.1184 0.0426
0.7647 0.7647
740.0000 0.9742
0.1087 0.0446
0.7956 0.7956
750.0000 0.9735
0.1322 0.0442
0.7702 0.7702
760.0000 0.9728
0.1074 0.1085
0.7387 0.7387
770.0000 0.9742
0.0983 0.0631
0.7794 0.7794
780.0000 0.9743
0.0791 0.0415
0.8076 0.8076
790.0000 0.9737
0.0842 0.0320
0.8213 0.8213
800.0000 0.9738
0.0811 0.0535
0.8152 0.8152
810.0000 0.9743
0.0814 0.0752
0.7454 0.7454
820.0000 0.9742
0.0815 0.0872
0.7477 0.7477
830.0000 0.9740
0.0831 0.0960
0.7883 0.7883
840.0000 0.9741
0.0843 0.0506
0.8115 0.8115
850.0000 0.9749
0.0754 0.0448
0.8127 0.8127
860.0000 0.9740
0.0733 0.0531
0.7907 0.7907
870.0000 0.9744
0.0774 0.0889
0.6718 0.6718
880.0000 0.9741
0.0924 0.0208
0.7756 0.7756
890.0000 0.9744
0.0826 0.0745
0.7959 0.7959
900.0000 0.9753
0.0791 0.0765
0.8102 0.8102
910.0000 0.9741
0.0631 0.0667
0.7696 0.7696
920.0000 0.9754
0.0759 0.0613
0.7759 0.7759
930.0000 0.9746
0.0747 0.0579
0.7665 0.7665
940.0000 0.9735
0.0594 0.0316
0.7711 0.7711
950.0000 0.9746
0.0609 0.0475
0.8187 0.8187
960.0000 0.9747
0.0607 0.0198
0.8197 0.8197
970.0000 0.9745
0.0720 0.0224
0.7885 0.7885
980.0000 0.9743
0.1066 0.1096
0.7365 0.7365
990.0000 0.9744
0.0872 0.0782
0.7969 0.7969
1000.0000 0.9744
0.0988 0.1041
0.7294 0.7294
1010.0000 0.9741
0.0953 0.0561
0.8097 0.8097
1020.0000 0.9742
0.1078 0.0768
0.7913 0.7913
1030.0000 0.9741
0.1289 0.0552
0.7558 0.7558
1040.0000 0.9756
0.0999 0.0570
0.8047 0.8047
1050.0000 0.9745
0.1149 0.0436
0.8033 0.8033
1060.0000 0.9748
0.1086 0.0657
0.8146 0.8146
1070.0000 0.9755
0.1085 0.0544
0.8207 0.8207
1080.0000 0.9749
0.1120 0.0725
0.7551 0.7551
1090.0000 0.9759
0.1081 0.0385
0.8098 0.8098
1100.0000 0.9753
0.1138 0.0225
0.8114 0.8114
1110.0000 0.9746
0.1104 0.0448
0.8273 0.8273
1120.0000 0.9751
0.1059 0.0445
0.8125 0.8125
1130.0000 0.9754
0.1110 0.0412
0.8023 0.8023
1140.0000 0.9749
0.1120 0.0655
0.8259 0.8259
1150.0000 0.9751
0.1201 0.2155
0.6875 0.6875
1160.0000 0.9749
0.1128 0.0720
0.8196 0.8196
1170.0000 0.9747
0.1104 0.0985
0.7834 0.7834
1180.0000 0.9752
0.1124 0.0760
0.8020 0.8020
1190.0000 0.9750
0.1120 0.0322
0.8326 0.8326
1200.0000 0.9751
0.0980 0.0119
0.7992 0.7992
1210.0000 0.9753
0.1028 0.0344
0.8424 0.8424
1220.0000 0.9745
0.0987 0.1138
0.8024 0.8024
1230.0000 0.9749
0.1085 0.0811
0.8022 0.8022
1240.0000 0.9746
0.1020 0.0826
0.8174 0.8174
1250.0000 0.9750
0.0877 0.0457
0.7923 0.7923
1260.0000 0.9742
0.0774 0.0477
0.7955 0.7955
1270.0000 0.9753
0.0874 0.0654
0.8262 0.8262
1280.0000 0.9745
0.0939 0.0533
0.7507 0.7507
1290.0000 0.9750
0.1018 0.0208
0.8234 0.8234
1300.0000 0.9760
0.1060 0.0012
0.7322 0.7322
1310.0000 0.9761
0.1099 0.0006
0.7256 0.7256
1320.0000 0.9753
0.1022 0.0560
0.8292 0.8292
1330.0000 0.9760
0.0885 0.0377
0.8315 0.8315
1340.0000 0.9755
0.1072 0.0120
0.7612 0.7612
1350.0000 0.9760
0.1064 0.0128
0.7996 0.7996
1360.0000 0.9761
0.1071 0.0472
0.8331 0.8331
1370.0000 0.9758
0.0976 0.0295
0.8347 0.8347
1380.0000 0.9758
0.0959 0.1524
0.6580 0.6580
1390.0000 0.9757
0.1022 0.0102
0.8380 0.8380
1400.0000 0.9762
0.1082 0.0177
0.8212 0.8212
1410.0000 0.9769
0.1058 0.0637
0.8074 0.8074
1420.0000 0.9766
0.1072 0.0446
0.8370 0.8370
1430.0000 0.9760
0.1099 0.0405
0.8438 0.8438
1440.0000 0.9753
0.1119 0.0139
0.7184 0.7184
1450.0000 0.9764
0.1124 0.0001
0.7554 0.7554
1460.0000 0.9757
0.1178 0.0383
0.8170 0.8170
1470.0000 0.9766
0.1147 0.0766
0.7982 0.7982
1480.0000 0.9768
0.1159 0.0872
0.8015 0.8015
1490.0000 0.9763
0.1156 0.0696
0.8237 0.8237
1500.0000 0.9761
0.1188 0.0541
0.8434 0.8434
1510.0000 0.9747
0.1031 0.1431
0.7311 0.7311
1520.0000 0.9758
0.1127 0.0269
0.8107 0.8107
1530.0000 0.9757
0.1122 0.0215
0.8291 0.8291
1540.0000 0.9756
0.1110 0.0220
0.7809 0.7809
1550.0000 0.9760
0.1190 0.0963
0.7163 0.7163
1560.0000 0.9760
0.1165 0.0674
0.8269 0.8269
1570.0000 0.9751
0.1207 0.0565
0.8307 0.8307
1580.0000 0.9761
0.1048 0.0432
0.8456 0.8456
1590.0000 0.9754
0.1070 0.0253
0.8392 0.8392
1600.0000 0.9744
0.1073 0.0168
0.7283 0.7283
1610.0000 0.9751
0.1049 0.0279
0.8503 0.8503
1620.0000 0.9754
0.1063 0.0526
0.8445 0.8445
1630.0000 0.9758
0.1142 0.0464
0.8469 0.8469
1640.0000 0.9763
0.1026 0.0018
0.7800 0.7800
1650.0000 0.9755
0.1063 0.0338
0.7932 0.7932
1660.0000 0.9762
0.1145 0.0525
0.8318 0.8318
1670.0000 0.9754
0.1173 0.1152
0.7771 0.7771
1680.0000 0.9752
0.1119 0.0002
0.6617 0.6617
1690.0000 0.9764
0.1047 0.0493
0.8250 0.8250
1700.0000 0.9760
0.1153 0.0727
0.8148 0.8148
1710.0000 0.9761
0.1213 0.0422
0.7730 0.7730
1720.0000 0.9758
0.1163 0.0367
0.8422 0.8422
1730.0000 0.9768
0.1210 0.0256
0.8256 0.8256
1740.0000 0.9767
0.1222 0.0283
0.8158 0.8158
1750.0000 0.9763
0.1273 0.0334
0.8454 0.8454
1760.0000 0.9763
0.1288 0.0752
0.8391 0.8391
1770.0000 0.9761
0.1249 0.0446
0.8477 0.8477
1780.0000 0.9775
0.1343 0.0635
0.8184 0.8184
1790.0000 0.9774
0.1184 0.0168
0.7875 0.7875
1800.0000 0.9761
0.1253 0.0162
0.8274 0.8274
1810.0000 0.9750
0.1198 0.0698
0.7482 0.7482
1820.0000 0.9763
0.1265 0.0653
0.8248 0.8248
1830.0000 0.9763
0.1208 0.0159
0.8011 0.8011
1840.0000 0.9764
0.1193 0.0292
0.8428 0.8428
1850.0000 0.9758
0.1148 0.0854
0.8345 0.8345
1860.0000 0.9771
0.1184 0.0983
0.7433 0.7433
1870.0000 0.9763
0.1136 0.0526
0.8243 0.8243
1880.0000 0.9771
0.1290 0.0338
0.8385 0.8385
1890.0000 0.9759
0.1090 0.0523
0.8356 0.8356
1900.0000 0.9773
0.1079 0.0556
0.7824 0.7824
1910.0000 0.9763
0.1240 0.0819
0.8101 0.8101
1920.0000 0.9771
0.1063 0.0455
0.8444 0.8444
1930.0000 0.9773
0.0975 0.0514
0.8200 0.8200
1940.0000 0.9764
0.0830 0.0353
0.7909 0.7909
1950.0000 0.9763
0.1145 0.1152
0.7300 0.7300
1960.0000 0.9774
0.1127 0.0551
0.8254 0.8254
1970.0000 0.9767
0.0936 0.0399
0.8375 0.8375
1980.0000 0.9772
0.0973 0.0552
0.8396 0.8396
1990.0000 0.9767
0.0857 0.0858
0.8252 0.8252
2000.0000 0.9758
0.0834 0.1350
0.7640 0.7640
2010.0000 0.9767
0.0862 0.0442
0.8445 0.8445
2020.0000 0.9759
0.0806 0.0576
0.8288 0.8288
2030.0000 0.9763
0.0972 0.1681
0.7418 0.7418
2040.0000 0.9760
0.0859 0.0855
0.8181 0.8181
2050.0000 0.9757
0.0791 0.3939
0.6553 0.6553
2060.0000 0.9766
0.0970 0.0345
0.8086 0.8086
2070.0000 0.9767
0.1000 0.0268
0.8110 0.8110
2080.0000 0.9757
0.0644 0.2359
0.7492 0.7492
2090.0000 0.9755
0.0855 0.1273
0.7645 0.7645
2100.0000 0.9770
0.0696 0.0787
0.8472 0.8472
2110.0000 0.9767
0.0773 0.0391
0.8281 0.8281
2120.0000 0.9764
0.0759 0.1344
0.8100 0.8100
2130.0000 0.9752
0.0930 0.0948
0.7959 0.7959
2140.0000 0.9774
0.0866 0.0716
0.8454 0.8454
2150.0000 0.9765
0.0798 0.2412
0.7458 0.7458
2160.0000 0.9765
0.0980 0.0802
0.8117 0.8117
2170.0000 0.9765
0.0768 0.0061
0.7700 0.7700
2180.0000 0.9772
0.0890 0.1369
0.8123 0.8123
2190.0000 0.9757
0.0623 0.1101
0.6973 0.6973
2200.0000 0.9776
0.0967 0.0597
0.8478 0.8478
2210.0000 0.9768
0.0836 0.0611
0.8513 0.8513
2220.0000 0.9764
0.0934 0.0844
0.8330 0.8330
2230.0000 0.9770
0.1057 0.1043
0.8185 0.8185
2240.0000 0.9768
0.0918 0.1217
0.8196 0.8196
2250.0000 0.9765
0.1110 0.0266
0.8063 0.8063
2260.0000 0.9778
0.1055 0.0771
0.8460 0.8460
2270.0000 0.9762
0.0995 0.0832
0.8356 0.8356
2280.0000 0.9753
0.1131 0.0337
0.7693 0.7693
2290.0000 0.9781
0.1057 0.0399
0.8483 0.8483
2300.0000 0.9775
0.1174 0.0501
0.7913 0.7913
2310.0000 0.9778
0.0998 0.0899
0.8481 0.8481
2320.0000 0.9777
0.0982 0.2131
0.7593 0.7593
2330.0000 0.9775
0.1108 0.1240
0.7105 0.7105
2340.0000 0.9783
0.0977 0.1128
0.8493 0.8493
2350.0000 0.9780
0.0981 0.1213
0.8469 0.8469
2360.0000 0.9777
0.0960 0.0029
0.7788 0.7788
2370.0000 0.9779
0.1174 0.0378
0.7875 0.7875
