0.0000 0.0996
0.1001 0.9643
0.1008 0.1008
10.0000 0.1089
0.1011 0.1450
0.5241 0.5241
20.0000 0.0973
0.1002 0.6855
0.2252 0.2252
30.0000 0.1072
0.1001 0.1816
0.4398 0.4398
40.0000 0.1122
0.1002 0.1394
0.5819 0.5819
50.0000 0.0972
0.0687 0.0852
0.2485 0.2485
60.0000 0.1067
0.1001 0.0852
0.5031 0.5031
70.0000 0.0986
0.1000 0.0119
0.3763 0.3763
80.0000 0.0984
0.1001 0.0000
0.4709 0.4709
90.0000 0.1091
0.0990 0.2743
0.3546 0.3546
100.0000 0.1203
0.0638 0.0677
0.5123 0.5123
110.0000 0.1326
0.1001 0.0000
0.4148 0.4148
120.0000 0.1443
0.1000 0.0835
0.6235 0.6235
130.0000 0.1605
0.1002 0.0817
0.5096 0.5096
140.0000 0.1844
0.1000 0.1390
0.5851 0.5851
150.0000 0.2051
0.1002 0.2030
0.5488 0.5488
160.0000 0.1840
0.0999 0.0241
0.5262 0.5262
170.0000 0.2284
0.0999 0.1313
0.6597 0.6597
180.0000 0.2483
0.0999 0.0842
0.6762 0.6762
190.0000 0.2565
0.1020 0.1166
0.6316 0.6316
200.0000 0.2639
0.1424 0.1225
0.6043 0.6043
210.0000 0.2713
0.1357 0.1091
0.6192 0.6192
220.0000 0.2765
0.0985 0.1830
0.6360 0.6360
230.0000 0.2797
0.1857 0.0303
0.7097 0.7097
240.0000 0.2872
0.0802 0.0565
0.7070 0.7070
250.0000 0.2849
0.1003 0.0650
0.6619 0.6619
260.0000 0.2901
0.0997 0.0359
0.7250 0.7250
270.0000 0.2911
0.1001 0.0682
0.6885 0.6885
280.0000 0.2911
0.1008 0.1048
0.6869 0.6869
290.0000 0.2924
0.1000 0.0398
0.7008 0.7008
300.0000 0.2898
0.1001 0.0659
0.6847 0.6847
310.0000 0.2853
0.1002 0.1215
0.5616 0.5616
320.0000 0.2888
0.1596 0.0662
0.7099 0.7099
330.0000 0.2845
0.0851 0.0810
0.6694 0.6694
340.0000 0.2792
0.1001 0.0161
0.7130 0.7130
350.0000 0.2770
0.1000 0.1091
0.6716 0.6716
360.0000 0.2709
0.1000 0.1012
0.7110 0.7110
370.0000 0.2643
0.1000 0.1538
0.6239 0.6239
380.0000 0.2632
0.1001 0.0963
0.6447 0.6447
390.0000 0.2657
0.0999 0.0800
0.5876 0.5876
400.0000 0.2605
0.1001 0.0699
0.6966 0.6966
410.0000 0.2564
0.1000 0.0633
0.6303 0.6303
420.0000 0.2551
0.1002 0.0331
0.6302 0.6302
430.0000 0.2528
0.1000 0.0846
0.6458 0.6458
440.0000 0.2498
0.0999 0.0106
0.6190 0.6190
450.0000 0.2467
0.1002 0.0462
0.5130 0.5130
460.0000 0.2526
0.0998 0.0274
0.4611 0.4611
470.0000 0.2540
0.1001 0.1212
0.3035 0.3035
480.0000 0.2517
0.1001 0.0458
0.5614 0.5614
490.0000 0.2488
0.1002 0.0492
0.5126 0.5126
500.0000 0.2497
0.1002 0.0293
0.4048 0.4048
510.0000 0.2498
0.1001 0.0894
0.4255 0.4255
520.0000 0.2506
0.1001 0.0452
0.4012 0.4012
530.0000 0.2463
0.0999 0.5097
0.3976 0.3976
540.0000 0.2433
0.1001 0.5325
0.3636 0.3636
550.0000 0.2466
0.1000 0.6281
0.2899 0.2899
560.0000 0.2461
0.1005 0.6283
0.2928 0.2928
570.0000 0.0992
0.0918 0.9275
0.1025 0.1025
580.0000 0.1022
0.0140 0.9161
0.1196 0.1196
590.0000 0.1110
0.1002 0.0237
0.1289 0.1289
600.0000 0.1181
0.1001 0.0001
0.1043 0.1043
610.0000 0.1541
0.1001 0.9337
0.1042 0.1042
620.0000 0.1183
0.0998 0.3639
0.1632 0.1632
630.0000 0.1031
0.1001 0.9646
0.1047 0.1047
640.0000 0.1171
0.1001 0.9317
0.0960 0.0960
650.0000 0.1184
0.1002 0.8671
0.1437 0.1437
660.0000 0.1125
0.1002 0.9370
0.1079 0.1079
670.0000 0.1122
0.1000 0.8355
0.1144 0.1144
680.0000 0.1015
0.1000 0.9859
0.0998 0.0998
690.0000 0.1146
0.0784 0.9604
0.0976 0.0976
700.0000 0.1261
0.0831 0.9674
0.1014 0.1014
710.0000 0.1415
0.1000 0.0029
0.1049 0.1049
720.0000 0.1329
0.0997 0.9654
0.0991 0.0991
730.0000 0.1266
0.1204 0.0041
0.1006 0.1006
740.0000 0.1513
0.0963 0.0027
0.0983 0.0983
750.0000 0.1533
0.0992 0.9530
0.0983 0.0983
760.0000 0.1431
0.1009 0.9781
0.0980 0.0980
770.0000 0.1861
0.1001 0.0037
0.1015 0.1015
780.0000 0.1888
0.0998 0.0051
0.1045 0.1045
790.0000 0.1584
0.1004 0.0000
0.1011 0.1011
800.0000 0.1774
0.1001 0.0034
0.1023 0.1023
810.0000 0.1558
0.1002 0.0575
0.0690 0.0690
820.0000 0.1600
0.1177 0.9548
0.1023 0.1023
830.0000 0.1250
0.0636 0.9718
0.0993 0.0993
840.0000 0.1487
0.0860 0.9694
0.1015 0.1015
850.0000 0.1558
0.0858 0.9667
0.1008 0.1008
860.0000 0.1543
0.0716 0.9662
0.1014 0.1014
870.0000 0.1561
0.0711 0.9649
0.1013 0.1013
880.0000 0.1672
0.0679 0.0031
0.1043 0.1043
890.0000 0.1658
0.0620 0.0045
0.1030 0.1030
900.0000 0.1771
0.0888 0.0076
0.0990 0.0990
910.0000 0.1663
0.0956 0.0066
0.1024 0.1024
920.0000 0.1719
0.0887 0.0039
0.0979 0.0979
930.0000 0.1923
0.0757 0.0017
0.1002 0.1002
940.0000 0.1820
0.0711 0.0033
0.1050 0.1050
950.0000 0.1962
0.0481 0.0052
0.1064 0.1064
960.0000 0.2158
0.0519 0.0156
0.1057 0.1057
970.0000 0.2243
0.0643 0.0136
0.0972 0.0972
980.0000 0.2255
0.0702 0.0208
0.0971 0.0971
990.0000 0.2295
0.0574 0.0252
0.0979 0.0979
1000.0000 0.2307
0.1005 0.0271
0.1013 0.1013
1010.0000 0.2313
0.0999 0.0274
0.1004 0.1004
1020.0000 0.2263
0.1001 0.0184
0.0990 0.0990
1030.0000 0.2265
0.1000 0.0408
0.0981 0.0981
1040.0000 0.2234
0.0997 0.0378
0.1007 0.1007
1050.0000 0.1891
0.1000 0.0010
0.1021 0.1021
1060.0000 0.1727
0.0996 0.0000
0.1528 0.1528
1070.0000 0.1794
0.1001 0.0021
0.0986 0.0986
1080.0000 0.1818
0.1002 0.0022
0.0978 0.0978
1090.0000 0.1817
0.0998 0.0034
0.0974 0.0974
1100.0000 0.1866
0.1000 0.0040
0.0985 0.0985
1110.0000 0.1881
0.0992 0.0032
0.0989 0.0989
1120.0000 0.1889
0.0971 0.0026
0.0984 0.0984
1130.0000 0.2002
0.1002 0.0013
0.0981 0.0981
1140.0000 0.2138
0.1057 0.0174
0.1021 0.1021
1150.0000 0.2150
0.1001 0.0415
0.0985 0.0985
1160.0000 0.1864
0.1163 0.0002
0.1166 0.1166
1170.0000 0.1933
0.0938 0.0033
0.1024 0.1024
1180.0000 0.1937
0.0871 0.0030
0.1019 0.1019
1190.0000 0.1960
0.0899 0.0028
0.1022 0.1022
1200.0000 0.1999
0.0994 0.0031
0.1020 0.1020
1210.0000 0.2216
0.1228 0.0634
0.1019 0.1019
1220.0000 0.2025
0.0997 0.0037
0.1021 0.1021
1230.0000 0.2047
0.1001 0.0047
0.1027 0.1027
1240.0000 0.2050
0.1002 0.0043
0.1019 0.1019
1250.0000 0.2059
0.1000 0.0050
0.1010 0.1010
1260.0000 0.2082
0.1002 0.0062
0.1013 0.1013
1270.0000 0.2068
0.1002 0.0050
0.1020 0.1020
1280.0000 0.2092
0.1000 0.0057
0.1027 0.1027
1290.0000 0.2063
0.1001 0.0063
0.1023 0.1023
1300.0000 0.2071
0.1002 0.0056
0.1029 0.1029
1310.0000 0.2061
0.0996 0.0062
0.1045 0.1045
1320.0000 0.2045
0.0996 0.0069
0.1059 0.1059
1330.0000 0.2053
0.0885 0.0072
0.1060 0.1060
1340.0000 0.2047
0.0866 0.0082
0.1075 0.1075
1350.0000 0.2047
0.0919 0.0083
0.1079 0.1079
1360.0000 0.2041
0.0951 0.0070
0.1078 0.1078
1370.0000 0.2054
0.0927 0.0077
0.1076 0.1076
1380.0000 0.2045
0.0932 0.0078
0.1070 0.1070
1390.0000 0.2042
0.0890 0.0072
0.1076 0.1076
1400.0000 0.2041
0.0954 0.0066
0.1072 0.1072
1410.0000 0.2056
0.1000 0.0075
0.1084 0.1084
1420.0000 0.2084
0.1002 0.0072
0.1083 0.1083
1430.0000 0.2072
0.1002 0.0078
0.1096 0.1096
1440.0000 0.2065
0.1000 0.0092
0.1151 0.1151
1450.0000 0.2068
0.1002 0.0160
0.1427 0.1427
1460.0000 0.1506
0.1002 0.0050
0.1022 0.1022
1470.0000 0.1554
0.1001 0.0018
0.1016 0.1016
1480.0000 0.1720
0.1001 0.0052
0.1000 0.1000
1490.0000 0.1873
0.0999 0.0047
0.0981 0.0981
1500.0000 0.1989
0.1001 0.0056
0.0982 0.0982
1510.0000 0.2058
0.1000 0.0072
0.0979 0.0979
1520.0000 0.2059
0.0997 0.0079
0.0975 0.0975
1530.0000 0.2052
0.1000 0.0096
0.0980 0.0980
1540.0000 0.2078
0.0999 0.0086
0.0986 0.0986
1550.0000 0.2098
0.1002 0.0068
0.0977 0.0977
1560.0000 0.2103
0.1001 0.0077
0.0983 0.0983
1570.0000 0.2150
0.1001 0.0138
0.0984 0.0984
1580.0000 0.2045
0.0998 0.0065
0.0996 0.0996
1590.0000 0.2052
0.1001 0.0067
0.0995 0.0995
1600.0000 0.2057
0.1001 0.0058
0.0987 0.0987
1610.0000 0.2060
0.1002 0.0052
0.0990 0.0990
1620.0000 0.2077
0.1002 0.0055
0.0985 0.0985
1630.0000 0.2064
0.1001 0.0060
0.0989 0.0989
1640.0000 0.2058
0.1001 0.0058
0.0991 0.0991
1650.0000 0.2043
0.1011 0.0076
0.1014 0.1014
1660.0000 0.2050
0.0998 0.0076
0.0995 0.0995
1670.0000 0.2031
0.1012 0.0076
0.1007 0.1007
1680.0000 0.2017
0.0942 0.0080
0.1024 0.1024
1690.0000 0.2026
0.0986 0.0069
0.1003 0.1003
1700.0000 0.2036
0.0983 0.0078
0.1018 0.1018
1710.0000 0.2041
0.1001 0.0078
0.1011 0.1011
1720.0000 0.2016
0.0911 0.0079
0.1005 0.1005
1730.0000 0.2024
0.1000 0.0105
0.1009 0.1009
1740.0000 0.2049
0.1001 0.0082
0.1023 0.1023
1750.0000 0.2080
0.0998 0.0063
0.1015 0.1015
1760.0000 0.2091
0.1002 0.0060
0.1039 0.1039
1770.0000 0.2114
0.1001 0.0058
0.1038 0.1038
1780.0000 0.2252
0.1001 0.0050
0.1049 0.1049
1790.0000 0.2268
0.1001 0.0538
0.1231 0.1231
1800.0000 0.0999
0.1075 0.0000
0.1013 0.1013
1810.0000 0.1000
0.1073 0.9973
0.1004 0.1004
1820.0000 0.1000
0.1070 0.9973
0.1006 0.1006
1830.0000 0.1000
0.1073 0.9973
0.1004 0.1004
1840.0000 0.1000
0.1071 0.9973
0.1006 0.1006
1850.0000 0.1000
0.1068 0.9973
0.1002 0.1002
1860.0000 0.1000
0.1068 0.9972
0.1003 0.1003
1870.0000 0.1000
0.1072 0.9973
0.1007 0.1007
1880.0000 0.1000
0.1069 0.9973
0.1005 0.1005
1890.0000 0.1000
0.1068 0.9973
0.1005 0.1005
1900.0000 0.1000
0.1068 0.9973
0.1007 0.1007
1910.0000 0.1000
0.1070 0.9973
0.1008 0.1008
1920.0000 0.1000
0.1063 0.9973
0.1007 0.1007
1930.0000 0.1000
0.1065 0.9974
0.1006 0.1006
1940.0000 0.1000
0.1064 0.9974
0.1005 0.1005
1950.0000 0.1000
0.1063 0.9973
0.1006 0.1006
1960.0000 0.1000
0.1061 0.9973
0.1005 0.1005
1970.0000 0.1000
0.1059 0.9973
0.1004 0.1004
1980.0000 0.1000
0.1059 0.9973
0.1006 0.1006
1990.0000 0.1000
0.1059 0.9973
0.1004 0.1004
2000.0000 0.1000
0.1060 0.9973
0.1006 0.1006
2010.0000 0.1000
0.1054 0.9973
0.1002 0.1002
2020.0000 0.1000
0.1052 0.9972
0.1003 0.1003
2030.0000 0.1000
0.1054 0.9973
0.1007 0.1007
2040.0000 0.1000
0.1051 0.9973
0.1005 0.1005
2050.0000 0.1000
0.1050 0.9973
0.1005 0.1005
2060.0000 0.1000
0.1046 0.9973
0.1007 0.1007
2070.0000 0.1000
0.1047 0.9973
0.1008 0.1008
2080.0000 0.1000
0.1044 0.9973
0.1007 0.1007
2090.0000 0.1000
0.1043 0.9974
0.1006 0.1006
2100.0000 0.1000
0.1042 0.9974
0.1005 0.1005
2110.0000 0.1000
0.1043 0.9973
0.1006 0.1006
2120.0000 0.1000
0.1041 0.9973
0.1004 0.1004
2130.0000 0.1000
0.1037 0.9973
0.1003 0.1003
2140.0000 0.1000
0.1034 0.9973
0.1005 0.1005
2150.0000 0.1000
0.1034 0.9973
0.1003 0.1003
2160.0000 0.1000
0.1035 0.9973
0.1005 0.1005
2170.0000 0.1000
0.1032 0.9973
0.1001 0.1001
2180.0000 0.1000
0.1030 0.9972
0.1002 0.1002
2190.0000 0.1000
0.1030 0.9973
0.1006 0.1006
2200.0000 0.1000
0.1027 0.9973
0.1004 0.1004
2210.0000 0.1000
0.1023 0.9973
0.1004 0.1004
2220.0000 0.1000
0.1019 0.9973
0.1006 0.1006
2230.0000 0.1000
0.1019 0.9973
0.1007 0.1007
2240.0000 0.1000
0.1018 0.9973
0.1006 0.1006
2250.0000 0.1000
0.1021 0.9974
0.1005 0.1005
2260.0000 0.1000
0.1022 0.9974
0.1004 0.1004
2270.0000 0.1000
0.1020 0.9973
0.1005 0.1005
2280.0000 0.1000
0.1021 0.9973
0.1004 0.1004
2290.0000 0.1000
0.1018 0.9973
0.1002 0.1002
2300.0000 0.1000
0.1018 0.9973
0.1004 0.1004
2310.0000 0.1000
0.1020 0.9973
0.1002 0.1002
2320.0000 0.1000
0.1023 0.9973
0.1004 0.1004
2330.0000 0.1000
0.1020 0.9973
0.1000 0.1000
2340.0000 0.1000
0.1020 0.9972
0.1001 0.1001
2350.0000 0.1000
0.1022 0.9973
0.1005 0.1005
2360.0000 0.1000
0.1023 0.9973
0.1003 0.1003
2370.0000 0.1000
0.1016 0.9972
0.1003 0.1003
2380.0000 0.1000
0.1014 0.9972
0.1005 0.1005
2390.0000 0.1000
0.1015 0.9972
0.1006 0.1006
2400.0000 0.1000
0.1011 0.9972
0.1005 0.1005
2410.0000 0.1000
0.1011 0.9973
0.1004 0.1004
2420.0000 0.1000
0.1006 0.9973
0.1002 0.1002
2430.0000 0.1000
0.1007 0.9972
0.1003 0.1003
2440.0000 0.1000
0.1012 0.9972
0.1002 0.1002
2450.0000 0.1000
0.1014 0.9972
0.1001 0.1001
2460.0000 0.1000
0.1016 0.9972
0.1003 0.1003
2470.0000 0.1000
0.1017 0.9972
0.1001 0.1001
2480.0000 0.1000
0.1021 0.9972
0.1003 0.1003
2490.0000 0.1000
0.1022 0.9972
0.0999 0.0999
2500.0000 0.1000
0.1029 0.9971
0.1000 0.1000
2510.0000 0.1000
0.1038 0.9972
0.1005 0.1005
2520.0000 0.1000
0.1042 0.9972
0.1003 0.1003
2530.0000 0.1000
0.1039 0.9971
0.1003 0.1003
2540.0000 0.1000
0.1038 0.9971
0.1005 0.1005
2550.0000 0.1000
0.1047 0.9971
0.1006 0.1006
2560.0000 0.1000
0.1049 0.9971
0.1005 0.1005
2570.0000 0.1000
0.1052 0.9972
0.1004 0.1004
2580.0000 0.1000
0.1050 0.9972
0.1003 0.1003
2590.0000 0.1000
0.1046 0.9971
0.1003 0.1003
2600.0000 0.1000
0.1048 0.9971
0.1002 0.1002
2610.0000 0.1000
0.1048 0.9971
0.1001 0.1001
2620.0000 0.1000
0.1048 0.9971
0.1003 0.1003
2630.0000 0.1000
0.1055 0.9971
0.1001 0.1001
2640.0000 0.1000
0.1055 0.9971
0.1003 0.1003
2650.0000 0.1000
0.1063 0.9971
0.0999 0.0999
2660.0000 0.1000
0.1068 0.9970
0.1000 0.1000
2670.0000 0.1000
0.1070 0.9971
0.1004 0.1004
2680.0000 0.1000
0.1072 0.9971
0.1002 0.1002
2690.0000 0.1000
0.1074 0.9971
0.1002 0.1002
2700.0000 0.1000
0.1076 0.9971
0.1004 0.1004
2710.0000 0.1000
0.1084 0.9971
0.1005 0.1005
2720.0000 0.1000
0.1087 0.9971
0.1004 0.1004
2730.0000 0.1000
0.1091 0.9972
0.1003 0.1003
2740.0000 0.1000
0.1094 0.9972
0.1002 0.1002
2750.0000 0.1000
0.1094 0.9970
0.1003 0.1003
2760.0000 0.1000
0.1099 0.9970
0.1002 0.1002
2770.0000 0.1000
0.1098 0.9970
0.1001 0.1001
2780.0000 0.1000
0.1104 0.9970
0.1004 0.1004
2790.0000 0.1000
0.1103 0.9970
0.1002 0.1002
2800.0000 0.1000
0.1101 0.9970
0.1004 0.1004
2810.0000 0.1000
0.1106 0.9970
0.1000 0.1000
2820.0000 0.1000
0.1104 0.9969
0.1001 0.1001
2830.0000 0.1000
0.1107 0.9970
0.1005 0.1005
2840.0000 0.1000
0.1118 0.9970
0.1003 0.1003
2850.0000 0.1000
0.1119 0.9970
0.1003 0.1003
2860.0000 0.1000
0.1117 0.9970
0.1005 0.1005
2870.0000 0.1000
0.1111 0.9970
0.1006 0.1006
2880.0000 0.1000
0.1103 0.9970
0.1005 0.1005
2890.0000 0.1000
0.1105 0.9971
0.1004 0.1004
2900.0000 0.1000
0.1109 0.9970
0.1003 0.1003
2910.0000 0.1000
0.1109 0.9969
0.1005 0.1005
2920.0000 0.1000
0.1110 0.9969
0.1004 0.1004
2930.0000 0.1000
0.1106 0.9969
0.1003 0.1003
2940.0000 0.1000
0.1099 0.9969
0.1005 0.1005
2950.0000 0.1000
0.1094 0.9969
0.1003 0.1003
2960.0000 0.1000
0.1079 0.9969
0.1005 0.1005
2970.0000 0.1000
0.1073 0.9969
0.1001 0.1001
2980.0000 0.1000
0.1070 0.9967
0.1002 0.1002
2990.0000 0.1000
0.1068 0.9969
0.1005 0.1005
3000.0000 0.1000
0.1060 0.9969
0.1003 0.1003
3010.0000 0.1000
0.1062 0.9969
0.1003 0.1003
3020.0000 0.1000
0.1054 0.9969
0.1005 0.1005
3030.0000 0.1000
0.1053 0.9969
0.1005 0.1005
3040.0000 0.1000
0.1049 0.9969
0.1003 0.1003
3050.0000 0.1000
0.1049 0.9970
0.1002 0.1002
3060.0000 0.1000
0.1047 0.9970
0.1000 0.1000
3070.0000 0.1000
0.1041 0.9969
0.1001 0.1001
3080.0000 0.1000
0.1040 0.9969
0.1000 0.1000
3090.0000 0.1000
0.1030 0.9968
0.0999 0.0999
3100.0000 0.1000
0.1029 0.9968
0.1001 0.1001
3110.0000 0.1000
0.1030 0.9968
0.0999 0.0999
3120.0000 0.1000
0.1025 0.9968
0.1001 0.1001
3130.0000 0.1000
0.1026 0.9968
0.0997 0.0997
3140.0000 0.1000
0.1024 0.9966
0.0998 0.0998
3150.0000 0.1000
0.1025 0.9968
0.1002 0.1002
3160.0000 0.1000
0.1024 0.9968
0.1000 0.1000
3170.0000 0.1000
0.1024 0.9968
0.1000 0.1000
3180.0000 0.1000
0.1021 0.9968
0.1002 0.1002
3190.0000 0.1000
0.1023 0.9968
0.1003 0.1003
3200.0000 0.1000
0.1019 0.9967
0.1002 0.1002
3210.0000 0.1000
0.1021 0.9968
0.1001 0.1001
3220.0000 0.1000
0.1021 0.9968
0.1000 0.1000
3230.0000 0.1000
0.1020 0.9967
0.1001 0.1001
3240.0000 0.1000
0.1019 0.9967
0.1000 0.1000
3250.0000 0.1000
0.1019 0.9967
0.0999 0.0999
3260.0000 0.1000
0.1019 0.9965
0.1001 0.1001
3270.0000 0.1000
0.1019 0.9966
0.0999 0.0999
3280.0000 0.1000
0.1016 0.9966
0.1001 0.1001
3290.0000 0.1000
0.1019 0.9965
0.0997 0.0997
3300.0000 0.1000
0.1018 0.9964
0.0998 0.0998
3310.0000 0.1000
0.1021 0.9965
0.1002 0.1002
3320.0000 0.1000
0.1020 0.9965
0.1000 0.1000
3330.0000 0.1000
0.1020 0.9966
0.1000 0.1000
3340.0000 0.1000
0.1019 0.9965
0.1002 0.1002
3350.0000 0.1000
0.1022 0.9966
0.1003 0.1003
3360.0000 0.1000
0.1022 0.9966
0.1002 0.1002
3370.0000 0.1000
0.1023 0.9967
0.1001 0.1001
3380.0000 0.1000
0.1023 0.9967
0.1000 0.1000
3390.0000 0.1000
0.1023 0.9963
0.1001 0.1001
3394.0000 0.1000
0.1023 0.9963
0.1000 0.1000
